78.56265198 80.41450383 62.73490820 76.84766414 64.57933465
56.10905286 57.96090472 46.34984939 52.59777709 107.03717424
69.25771166 71.10956352 55.94481662 66.79832860 99.29758820
62.08647487 63.93832672 50.71175193 59.05339286 135.97626006
58.36622443 60.21807628 47.99697459 55.03552239 145.19508371
68.77272397 70.62457582 55.59090668 66.27454188 98.86270221
53.54157754 55.39342940 44.47628632 49.82490375 156.36738489
66.47747752 68.32932937 53.91599711 63.79567572 112.14807362
82.39603273 84.24788458 65.53224010 80.98771534 12.13604436
57.91932009 59.77117195 47.67085520 54.55286570 109.55987781
110.05421491 111.90606677 80.00000000 100.00000000 9.18417422
60.01733689 61.86918874 49.20184043 56.81872384 134.06488175
50.00000000 50.61503574 40.98935040 44.66423860 110.88394516
61.54713667 63.39898852 50.31818081 58.47090760 99.11816436
61.81954318 63.67139503 50.51696394 58.76510664 111.50988941
50.00000000 51.23588440 41.44240213 45.33475515 124.05323532
66.71592968 68.56778154 54.09000274 64.05320406 87.97006158
56.14944129 58.00129314 46.37932202 52.64139659 158.70611492
95.09860886 96.95046071 74.80168754 94.70649756 20.52737903
58.40424909 60.25610095 48.02472231 55.07658902 93.59114883
82.80411302 84.65596487 65.83002842 81.42844206 49.10213859
57.36040758 59.21225943 47.26300013 53.94924019 144.61396437
90.11583766 91.96768951 71.16561126 89.32510467 19.21710870
62.49663968 64.34849153 51.01106139 59.49637085 118.26703666
96.42374399 98.27559584 75.76867804 96.13764350 16.96401713
56.38389191 58.23574376 46.55040761 52.89460326 91.18759476
73.81843022 75.67028207 59.27290854 71.72390464 102.39117974
73.68886121 75.54071307 59.17835818 71.58397011 117.74650478
63.04789881 64.89975066 51.41333156 60.09173071 114.42523441
84.49442465 86.34627650 67.06349907 83.25397862 57.37795400
77.86323559 79.71508744 62.22452327 76.09229444 41.28908871
63.88998501 65.74183686 52.02782690 61.00118381 81.30109851
66.16202156 68.01387341 53.68579951 63.45498328 144.71655704
65.31276222 67.16461407 53.06606973 62.53778320 111.45077073
62.51200554 64.36385739 51.02227431 59.51296598 126.76753592
77.59654246 79.44839431 62.02990936 75.80426586 36.27755226
59.74458584 61.59643769 49.00280588 56.52415271 111.81615803
68.26808520 70.11993705 55.22265677 65.72953202 95.48536956
50.00000000 42.90803347 35.36532172 36.34067615 104.86687171
50.67615084 52.52800269 42.38529926 46.73024291 140.79377310
84.70780182 86.55965367 67.21920673 83.48442597 47.42648991
54.91252689 56.76437874 45.47670881 51.30552904 132.95599562
62.10185584 63.95370769 50.72297588 59.07000431 159.88416968
91.94576276 93.79761461 72.50096201 91.30142378 17.69160730
64.89247030 66.74432216 52.75937022 62.08386793 85.49984774
55.51371617 57.36556802 45.91541450 51.95481347 129.16845743
55.26971724 57.12156909 45.73736123 51.69129462 122.91539867
93.20714478 95.05899663 73.42142997 92.66371636 6.50453705
75.55015229 77.40200414 60.53659762 73.59416447 45.50233354
56.93055498 58.78240683 46.94932390 53.48499938 145.70126371
86.87843339 88.73028524 68.80318112 85.82870806 24.54274303
53.45526697 55.30711883 44.41330293 49.73168833 131.15471014
90.78970660 92.64155845 71.65735346 90.05288313 24.97067416
59.45423292 61.30608477 48.79092672 56.21057155 97.98505849
60.26323048 62.11508233 49.38127630 57.08428892 132.33397428
76.51590729 78.36775914 61.24133775 74.63717987 109.60640529
61.44752897 63.29938083 50.24549412 58.36333129 140.85447784
56.78862122 58.64047308 46.84575062 53.33171092 153.15112911
53.01325526 54.86510711 44.09075384 49.25431568 108.04571231
95.98134072 97.83319257 75.44584323 95.65984797 5.92347371
63.49387256 65.34572441 51.73877187 60.57338236 132.58474171
50.41210885 52.26396070 42.19261997 46.44507756 135.58627806
69.19035022 71.04220207 55.89566097 66.72557824 127.43509944
71.11889006 72.97074191 57.30297383 68.80840126 75.11312649
54.97215567 56.82400752 45.52022171 51.36992812 133.32441648
50.00000000 49.58098808 40.23477509 43.54746713 137.11800195
53.86884320 55.72069505 44.71510180 50.17835066 138.99047979
60.59845752 62.45030938 49.62590144 57.44633413 116.45900859
60.18042458 62.03227644 49.32085037 56.99485855 115.74453286
57.37698175 59.22883361 47.27509479 53.96714029 131.56500985
52.19638427 54.04823612 43.49465879 48.37209501 115.87541325
70.13970363 71.99155548 56.58843238 67.75087992 119.35016605
96.02701161 97.87886346 75.47917063 95.70917254 2.71865892
50.33509331 52.18694516 42.13641944 46.36190078 144.39357431
50.00000000 50.48115786 40.89165574 44.51965049 138.80210191
64.61357439 66.46542624 52.55585158 61.78266034 127.35190386
78.97610298 80.82795483 63.03661569 77.29419122 44.25218607
60.43595732 62.28780917 49.50732020 57.27083390 113.97039066
70.34933579 72.20118764 56.74140720 67.97728265 103.69002338
95.60172849 97.45358034 75.16882889 95.24986676 18.94140572
59.53247086 61.38432271 48.84801927 56.29506853 109.87978748
77.35254864 79.20440049 61.85185982 75.54075253 78.84159997
77.39438576 79.24623761 61.88238961 75.58593662 38.96843240
57.11396726 58.96581911 47.08316530 53.68308464 135.27221629
87.82729152 89.67914337 69.49559111 86.85347484 13.49463815
57.43227449 59.28412634 47.31544355 54.02685645 127.74995037
62.83709415 64.68894601 51.25950114 59.86406169 80.30015002
58.07470571 59.92655756 47.78424471 54.72068217 114.69759034
70.29609264 72.14794449 56.70255409 67.91978005 61.56264438
62.06121392 63.91306577 50.69331827 59.02611103 113.84946096
62.16678539 64.01863724 50.77035690 59.14012822 115.81185820
58.49207423 60.34392608 48.08881092 55.17144017 106.93263745
58.79302369 60.64487554 48.30842269 55.49646558 147.13692881
91.48824470 93.34009656 72.16709749 90.80730428 16.49324852
78.92583695 80.77768880 62.99993507 77.23990390 108.31033949
53.09818094 54.95003279 44.15272663 49.34603541 133.18408724
77.83084581 79.68269766 62.20088748 76.05731347 59.54829532
53.30668884 55.15854069 44.30488104 49.57122394 102.94558139
62.43749043 64.28934228 50.96789842 59.43248967 129.42789675
56.83605174 58.68790359 46.88036208 53.38293588 143.96907642
61.74005474 63.59190659 50.45895886 58.67925912 90.45058464
66.44033186 68.29218371 53.88889082 63.75555841 82.18421065
66.88361647 68.73546833 54.21236878 64.23430579 77.44444268
58.34465549 60.19650734 47.98123509 55.01222793 132.69657284
52.19475237 54.04660422 43.49346795 48.37033256 113.92114890
59.07822617 60.93007802 48.51654342 55.80448426 67.31052057
84.02733998 85.87919183 66.72265350 82.74952718 35.91462311
90.36534591 92.21719777 71.34768486 89.59457359 30.34594858
66.78069624 68.63254809 54.13726482 64.12315193 100.50984112
77.98872884 79.84058069 62.31609942 76.22782714 15.46172881
60.55775903 62.40961088 49.59620253 57.40237975 117.47362712
72.82547964 74.67733149 58.54832298 70.65151801 54.09142584
65.44957645 67.30142831 53.16590714 62.68554257 83.64234808
61.12472988 62.97658173 50.00993802 58.01470827 101.85819099
99.80244844 101.65430030 78.23421914 99.78664432 12.44736530
76.53663992 78.38849177 61.25646697 74.65957111 40.17238983
89.61513685 91.46698870 70.80023500 88.78434780 0.00000000
62.81720122 64.66905308 51.24498468 59.84257732 123.95084850
70.87191849 72.72377035 57.12275133 68.54167197 64.70694126
55.49776212 57.34961397 45.90377236 51.93758309 141.43137595
50.00000000 50.66277445 41.02418676 44.71579641 120.17432672
61.81803107 63.66988292 50.51586051 58.76347356 105.59521553
79.65457473 81.50642658 63.53171669 78.02694071 59.36478919
68.42175209 70.27360394 55.33479206 65.89549225 125.90744516
87.33105714 89.18290899 69.13347413 86.31754171 31.64485974
59.20830807 61.06015992 48.61146805 55.94497272 106.22315819
53.25156787 55.10341973 44.26465764 49.51169330 149.49122221
71.45644954 73.30830139 57.54930102 69.17296551 97.42666454
96.74512981 98.59698166 76.00320283 96.48474019 22.07649371
59.60936362 61.46121547 48.90413021 56.37811271 112.23826709
75.16589336 77.01774521 60.25619245 73.17916483 32.78277121
65.42691588 67.27876773 53.14937105 62.66106915 71.27977124
84.99614535 86.84799720 67.42961958 83.79583698 69.00705904
51.31224596 53.16409781 42.84947678 47.41722564 115.44196846
53.21588437 55.06773622 44.23861833 49.47315512 124.20633281
64.41993784 66.27178969 52.41454923 61.57353287 111.17557802
54.52303124 56.37488309 45.19248225 50.88487374 134.60025343
79.52456067 81.37641253 63.43684157 77.88652553 27.27629470
83.43123925 85.28309110 66.28766108 82.10573839 61.17519277
84.32882198 86.18067383 66.94265387 83.07512773 35.30337339
50.00000000 50.45416409 40.87195758 44.49049722 147.15896325
87.75623255 89.60808440 69.44373726 86.77673115 28.75193234
50.68302321 52.53487507 42.39031424 46.73766507 146.29599281
74.99321340 76.84506526 60.13018275 72.99267048 96.85802836
69.57249610 71.42434795 56.17452418 67.13829579 89.84377118
55.27123965 57.12309150 45.73847217 51.69293882 142.68485831
67.95309097 69.80494282 54.99279611 65.38933825 50.96218935
50.00000000 36.93360139 31.00560102 29.88828951 116.78393648
55.05060979 56.90246164 45.57747201 51.45465857 84.17749179
86.27936936 88.13122121 68.36602629 85.18171891 31.47559243
77.18870799 79.04055984 61.73230042 75.36380463 67.91950997
88.70198410 90.55383595 70.13388029 87.79814283 8.93577273
77.24250520 79.09435705 61.77155785 75.42190561 41.52313409
68.84622943 70.69808128 55.64454580 66.35392779 120.57954434
69.88068329 71.73253514 56.39941754 67.47113795 127.69986017
85.95125625 87.80310810 68.12659240 84.82735675 45.03781524
77.87174651 79.72359836 62.23073394 76.10148623 89.38630471
69.43258227 71.28443413 56.07242490 66.98718886 123.35560824
58.81298347 60.66483532 48.32298794 55.51802215 78.87862747
57.50801613 59.35986798 47.37071447 54.10865742 113.15719805
51.01953278 52.87138463 42.63587527 47.10109540 131.53981556
76.96168279 78.81353464 61.56663339 75.11861741 87.56401011
94.27438154 96.12623339 74.20022436 93.81633206 0.00000000
67.09211218 68.94396403 54.36451429 64.45948115 86.42512041
78.87502795 80.72687980 62.96285824 77.18503019 22.78265772
56.69857594 58.55042779 46.78004190 53.23446202 140.61644209
89.60691519 91.45876704 70.79423541 88.77546840 30.59846147
69.81175805 71.66360990 56.34912074 67.39669869 96.68481892
52.91583424 54.76768609 44.01966282 49.14910098 145.89528513
74.82560305 76.67745490 60.00787249 72.81165129 93.72166973
59.10699589 60.95884774 48.53753754 55.83555556 148.55451745
66.93516862 68.78702047 54.24998791 64.28998211 100.77374889
73.83010797 75.68195982 59.28143014 71.73651661 85.64150872
53.60224551 55.45409736 44.52055753 49.89042515 113.20380941
68.48712633 70.33897819 55.38249759 65.96609644 131.11694370
66.39516204 68.24701389 53.85592906 63.70677500 115.14699946
69.08276215 70.93461401 55.81715076 66.60938313 68.33733150
64.18098199 66.03283384 52.24017605 61.31546055 106.48200227
62.68393780 64.53578965 51.14773839 59.69865282 122.08932749
60.04244498 61.89429683 49.22016255 56.84584057 74.77809658
63.01729658 64.86914843 51.39100021 60.05868030 123.24575763
71.93698109 73.78883295 57.89995918 69.69193958 108.51897495
67.22959407 69.08144592 54.46483891 64.60796159 132.32082146
57.60461305 59.45646490 47.44120412 54.21298209 113.38113940
96.18883347 98.04068532 75.59725686 95.88394015 3.87114076
74.14671233 75.99856419 59.51246576 72.07844932 65.66909450
86.44333778 88.29518963 68.48567892 85.35880480 43.09778046
92.50692663 94.35877848 72.91045998 91.90748076 3.91262820
54.51919793 56.37104978 45.18968498 50.88073376 155.45863830
56.36759006 58.21944191 46.53851166 52.87699726 103.99156701
56.83078739 58.68263924 46.87652052 53.37725038 108.77389552
50.00000000 51.75209284 41.81909477 45.89226026 112.43178678
75.44858026 77.30043211 60.46247749 73.48446668 49.54287736
59.57992456 61.43177641 48.88264765 56.34631852 130.73594332
57.01049806 58.86234992 47.00766075 53.57133791 123.60156751
71.77253378 73.62438563 57.77995708 69.51433648 84.51122212
57.67179250 59.52364435 47.49022696 54.28553590 131.61355478
85.29404131 87.14589316 67.64700312 84.11756461 0.00000000
74.37379262 76.22564447 59.67817299 72.32369603 43.53223595
66.04119984 67.89305169 53.59763232 63.32449583 49.38457572
64.39942077 66.25127263 52.39957732 61.55137444 85.27583099
56.70408049 58.55593234 46.78405873 53.24040693 129.99984001
55.97623236 57.82808422 46.25292632 52.45433095 112.48946700
81.06913122 82.92098307 64.56396062 79.55466171 93.36928719
57.97857180 59.83042365 47.71409294 54.61685755 122.90686831
67.73460170 69.58645355 54.83335800 65.15336984 117.82812632
55.49603003 57.34788188 45.90250840 51.93571243 154.68870976
64.12269260 65.97454445 52.19764054 61.25250801 138.19238580
60.72765302 62.57950487 49.72017923 57.58586526 114.59572971
69.59154893 71.44340078 56.18842760 67.15887284 119.48364090
58.33703125 60.18888310 47.97567145 55.00399375 101.22864621
89.38699775 91.23884960 70.63375511 88.53795757 12.08045467
81.93167339 83.78352525 65.19338329 80.48620727 48.16476670
54.70688301 56.55873486 45.32664436 51.08343365 114.64125623
64.97221584 66.82406769 52.81756291 62.16999310 123.35974382
61.00720621 62.85905806 49.92417751 57.88778271 111.63470901
66.39428566 68.24613751 53.85528953 63.70582851 88.47236384
50.00000000 50.01832375 40.55391193 44.01978965 109.64927391
58.26329583 60.11514768 47.92186452 54.92435949 100.79268858
71.48626056 73.33811242 57.57105501 69.20516141 100.15524986
71.36183927 73.21369113 57.48026109 69.07078642 113.60653819
57.36696374 59.21881559 47.26778435 53.95632084 98.98772087
68.31228953 70.16414138 55.25491398 65.77727269 64.64595528
64.18640398 66.03825583 52.24413263 61.32131629 108.36641562
61.59377884 63.44563070 50.35221699 58.52128115 102.25332296
56.18525817 58.03711002 46.40545867 52.68007883 133.90722246
76.45012835 78.30198020 61.19333690 74.56613862 36.61470982
51.23922743 53.09107928 42.79619299 47.33836562 124.74701108
71.42896714 73.28081899 57.52924629 69.14328451 90.05131428
75.32453275 77.17638460 60.37195633 73.35049537 59.57316316
59.63271745 61.48456930 48.92117219 56.40333485 92.75296830
79.58901181 81.44086366 63.48387348 77.95613275 86.63214390
83.15868100 85.01053285 66.08876722 81.81137548 12.28150424
73.70098202 75.55283387 59.18720310 71.59706058 76.03559728
70.78092898 72.63278083 57.05635358 68.44340330 119.35230745
65.93311174 67.78496359 53.51875722 63.20776068 81.25910142
78.85505229 80.70690415 62.94828140 77.16345648 31.35550313
58.75922312 60.61107498 48.28375742 55.45996097 123.04761656
50.00000000 49.68315086 40.30932630 43.65780293 128.23315596
57.38135419 59.23320604 47.27828549 53.97186252 122.58794376
61.17462635 63.02647820 50.04634896 58.06859646 95.90377228
79.78484272 81.63669457 63.62677712 78.16763013 46.80479522
93.79501001 95.64686187 73.85041271 93.29861082 11.63649024
70.49303743 72.34488928 56.84627056 68.13248042 69.48988631
59.67762134 61.52947319 48.95393989 56.45183104 132.48757104
73.90630342 75.75815527 59.33703222 71.81880769 80.55311319
57.73283471 59.58468656 47.53477127 54.35146148 128.48501633
77.22555021 79.07740206 61.75918529 75.40359423 77.10318997
58.67127833 60.52313018 48.21958148 55.36498059 136.85010691
82.71750699 84.56935884 65.76682943 81.33490755 55.50684569
63.21691126 65.06876311 51.53666497 60.27426416 98.85874774
62.48874834 64.34060019 51.00530284 59.48784820 81.14507253
85.13663482 86.98848667 67.53213892 83.94756560 50.79614365
50.00000000 50.73730715 41.07857548 44.79629172 131.38052355
55.06597198 56.91782383 45.58868225 51.47124974 135.88352635
65.47188782 67.32373968 53.18218841 62.70963885 95.15871149
51.83934321 53.69119506 43.23411531 47.98649066 138.32800921
53.16895408 55.02080594 44.20437190 49.42247041 139.68788487
81.06388897 82.91574082 64.56013519 79.54900009 55.01281802
56.14716660 57.99901845 46.37766212 52.63893993 107.85100765
70.11276702 71.96461887 56.56877593 67.72178838 111.51190134
57.55561555 59.40746740 47.40544918 54.16006479 102.33141373
65.51231653 67.36416838 53.21169044 62.75330185 108.07225209
61.73292500 63.58477685 50.45375608 58.67155900 158.28682892
59.06634400 60.91819586 48.50787265 55.79165152 140.73291682
59.25594600 61.10779785 48.64623086 55.99642168 101.44468652
67.75841537 69.61026722 54.85073554 65.17908860 104.18647407
62.15985202 64.01170387 50.76529742 59.13264018 153.21940345
61.21743997 63.06929182 50.07759133 58.11483517 122.22734807
63.65284611 65.50469796 51.85477959 60.74507380 131.11675869
85.12449125 86.97634311 67.52327740 83.93445055 6.79978314
62.30939886 64.16125071 50.87442619 59.29415076 87.93155778
50.00000000 42.84666189 35.32053706 36.27439485 132.65024065
88.58854837 90.44040022 70.05110286 87.67563224 5.14825466
63.28301755 65.13486940 51.58490470 60.34565895 91.97485434
51.63376973 53.48562158 43.08410223 47.76447131 123.52001865
70.82156900 72.67342086 57.08600981 68.48729452 91.75405765
52.04330763 53.89515948 43.38295422 48.20677224 146.98644143
72.41696963 74.26882148 58.25022108 70.21032720 94.36393475
62.28026766 64.13211951 50.85316829 59.26268907 123.74049397
94.04058240 95.89243426 74.02961419 93.56382900 0.30554881
77.37435600 79.22620785 61.86777330 75.56430448 64.31992707
54.93401298 56.78586483 45.49238785 51.32873401 109.61914449
53.90615589 55.75800774 44.74232997 50.21864836 100.63906140
73.96022103 75.81207288 59.37637751 71.87703871 78.21922622
88.37895911 90.23081096 69.89815935 87.44927584 25.47418459
55.11545507 56.96730692 45.62479154 51.52469148 127.03553189
85.22441895 87.07627081 67.59619762 84.04237247 88.69412025
67.09008355 68.94193540 54.36303394 64.45729023 63.31018483
55.80785522 57.65970708 46.13005651 52.27248364 122.36294419
66.85228815 68.70414000 54.18950757 64.20047120 118.79418559
76.14366959 77.99552144 60.96970483 74.23516315 40.55372934
64.71649121 66.56834306 52.63095304 61.89381051 130.33371253
75.39279154 77.24464339 60.42176680 73.42421486 49.65104030
68.19221487 70.04406673 55.16729193 65.64759206 73.05573260
71.64262364 73.49447549 57.68515779 69.37403353 52.71995316
75.47543428 77.32728614 60.48207367 73.51346903 106.52906744
59.75331489 61.60516674 49.00917573 56.53358008 145.23197555
72.50923520 74.36108705 58.31755001 70.30997401 32.93462899
76.72439329 78.57624515 61.39347619 74.86234476 75.05391107
73.54155172 75.39340357 59.07086207 71.42487586 95.58769647
64.23887096 66.09072282 52.28241935 61.37798064 94.12478203
64.92997252 66.78182438 52.78673671 62.12437033 119.66278252
92.00696606 93.85881791 72.54562388 91.36752334 13.50359475
69.14530980 70.99716165 55.86279364 66.67693458 129.88827263
101.66262888 103.51448073 79.59164810 100.00000000 0.00000000
53.41955944 55.27141129 44.38724608 49.69312420 116.94201324
76.73434735 78.58619920 61.40073996 74.87309514 50.12146696
98.14433051 99.99618236 77.02424118 97.99587695 39.60782300
60.78095433 62.63280618 49.75907478 57.64343068 89.48548667
51.07516086 52.92701272 42.67646874 47.16117373 99.55418495
68.26465078 70.11650263 55.22015057 65.72582284 96.43124849
60.51379696 62.36564881 49.56412210 57.35490071 117.30062087
55.39154089 57.24339274 45.82625957 51.82286416 135.08799708
86.87186481 88.72371666 68.79838784 85.82161400 28.73054659
53.68428734 55.53613919 44.58042589 49.97903032 112.35739091
61.48352915 63.33538100 50.27176451 58.40221148 135.26535317
59.30847772 61.16032957 48.68456482 56.05315594 154.46575980
63.44787352 65.29972537 51.70520500 60.52370340 113.58877417
82.66210777 84.51395963 65.72640297 81.27507640 43.54231438
61.65922889 63.51108075 50.39997784 58.59196721 107.12953391
89.32005777 91.17190962 70.58490702 88.46566239 43.39647384
63.84861919 65.70047105 51.99764103 60.95650873 151.04850770
55.65921599 57.51106784 46.02159005 52.11195327 100.72975500
59.97100000 61.82285185 49.16802702 56.76868000 135.69795764
61.04366882 62.89552068 49.95078536 57.92716233 128.75156421
77.92576435 79.77761621 62.27015237 76.15982550 61.49147257
57.29788287 59.14973473 47.21737399 53.88171350 121.21620431
51.99777004 53.84962189 43.34972408 48.15759164 123.30065029
55.83540839 57.68726025 46.15016288 52.30224106 87.35661607
67.21143862 69.06329047 54.45159034 64.58835371 111.96778982
74.40349738 76.25534923 59.69984944 72.35577717 74.99322849
53.47850736 55.33035922 44.43026213 49.75678795 145.27214249
65.84176945 67.69362130 53.45210203 63.10911100 82.03563002
72.28022436 74.13207621 58.15043399 70.06264231 77.11878557
61.28893707 63.14078892 50.12976489 58.19205204 113.17614053
85.19630631 87.04815816 67.57568299 84.01201082 13.52721577
76.91625699 78.76810885 61.53348483 75.06955755 89.54856077
97.82020005 99.67205190 76.78771355 97.64581605 0.00000000
96.45875148 98.31060333 75.79422405 96.17545160 23.38062479
57.14813464 58.99998649 47.10809825 53.71998541 122.97342201
75.11265585 76.96450771 60.21734346 73.12166832 80.55064615
91.37344851 93.22530036 72.08332729 90.68332439 30.17949885
61.89117221 63.74302406 50.56923377 58.84246599 93.32926277
75.58097578 77.43282763 60.55909043 73.62745384 73.40335966
64.67090595 66.52275780 52.59768812 61.84457842 76.04161766
84.24697171 86.09882356 66.88292530 82.98672945 28.79012018
57.27100099 59.12285284 47.19775748 53.85268107 99.70025317
59.26656948 61.11842133 48.65398313 56.00789504 117.80354557
57.95406282 59.80591467 47.69620801 54.59038785 142.62242435
69.70956305 71.56141490 56.27454601 67.28632809 58.60697329
82.00861415 83.86046600 65.24952924 80.56930328 17.41222558
74.00499511 75.85684696 59.40905048 71.92539472 18.31928608
72.76922749 74.62107934 58.50727412 70.59076569 81.49406986
92.10884258 93.96069443 72.61996621 91.47754999 8.34269220
54.21043578 56.06228763 44.96437205 50.54727064 105.66955670
83.84963885 85.70149070 66.59297970 82.55760996 4.27288270
66.75284417 68.60469602 54.11694034 64.09307170 125.72008416
70.49083307 72.34268492 56.84466197 68.13009972 95.92367242
62.03642611 63.88827796 50.67522987 58.99934020 87.52307021
66.66544097 68.51729282 54.05315963 63.99867625 99.05198322
76.07051509 77.92236694 60.91632182 74.15615629 50.92754697
60.10392231 61.95577417 49.26502439 56.91223610 102.32141093
84.67316270 86.52501455 67.19392954 83.44701572 44.85910245
62.65745065 64.50930251 51.12840994 59.67004671 140.90559129
62.80869453 64.66054638 51.23877709 59.83339009 65.66025050
64.69374744 66.54559929 52.61435624 61.86924724 143.73055624
75.43813736 77.28998921 60.45485699 73.47318835 74.00973719
66.82346785 68.67531970 54.16847654 64.16934527 113.62844565
62.19694840 64.04880025 50.79236775 59.17270427 113.80950362
61.55584588 63.40769773 50.32453618 58.48031355 135.41364607
59.38824426 61.24009611 48.74277284 56.13930380 120.51766120
50.00000000 48.34732728 39.33453613 42.21511347 136.98855417
60.09375595 61.94560780 49.25760569 56.90125642 118.11556094
56.81862660 58.67047845 46.86764644 53.36411672 145.88830329
87.61345474 89.46530659 69.33954806 86.62253112 15.38941908
52.98151544 54.83336730 44.06759235 49.22003668 138.01857508
62.60715565 64.45900750 51.09170818 59.61572810 113.22580747
70.36087218 72.21272404 56.74982565 67.98974196 118.94245072
78.24715532 80.09900718 62.50468091 76.50692775 77.19134604
53.02612395 54.87797580 44.10014450 49.26821386 127.86329029
79.86347854 81.71533039 63.68416001 78.25255682 53.73652929
68.93411691 70.78596876 55.70867991 66.44884626 103.88961081
53.36996412 55.22181597 44.35105490 49.63956125 144.15689301
58.10096256 59.95281442 47.80340511 54.74903957 105.73061389
57.26927169 59.12112354 47.19649556 53.85081343 113.94462973
72.84501396 74.69686581 58.56257775 70.67261507 80.65123056
52.96634753 54.81819938 44.05652387 49.20365533 129.61680618
58.31780883 60.16966069 47.96164428 54.98323354 148.24145916
67.01311603 68.86496788 54.30686845 64.37416531 99.99148499
76.23406222 78.08591407 61.03566703 74.33278720 90.04082023
61.36968485 63.22153670 50.18868895 58.27925964 108.28737361
63.87457263 65.72642448 52.01658003 60.98453844 88.30719638
52.70172117 54.55357302 43.86341815 48.91785886 133.69380679
53.73250820 55.58436005 44.61561409 50.03110885 134.71060051
65.67253444 67.52438629 53.32860621 62.92633719 129.40628562
58.44768863 60.29954048 48.05642143 55.12350372 125.34076978
78.52702163 80.37887349 62.70890768 76.80918336 92.42367444
78.49080044 80.34265229 62.68247600 76.77006448 24.06611329
55.47757704 57.32942890 45.88904271 51.91578321 152.65832049
65.74641261 67.59826446 53.38251731 63.00612562 120.48547934
68.76860011 70.62045196 55.58789738 66.27008812 108.49382548
59.79006197 61.64191383 49.03599117 56.57326693 124.48135475
74.82822632 76.68007818 60.00978678 72.81448443 31.16415539
60.96510711 62.81695896 49.89345654 57.84231567 97.44180733
71.88661826 73.73847011 57.86320792 69.63754772 73.19582073
52.30436671 54.15621856 43.57345679 48.48871605 117.64482675
65.49534069 67.34719254 53.19930266 62.73496794 123.02414602
90.70105407 92.55290593 71.59266108 89.95713840 0.53007987
62.93397419 64.78582604 51.33019738 59.96869212 112.73796666
91.29510696 93.14695881 72.02615914 90.59871552 26.98354227
63.06854997 64.92040182 51.42840133 60.11403397 104.10937241
71.90830191 73.76015377 57.87903113 69.66096607 60.54366648
56.77587640 58.62772825 46.83645035 53.31794651 107.82027824
62.19247275 64.04432460 50.78910174 59.16787057 92.22263474
67.87774812 69.72959997 54.93781619 65.30796797 69.07196370
82.03123703 83.88308888 65.26603783 80.59373599 77.22032596
85.04761026 86.89946212 67.46717506 83.85141908 16.16125348
61.24243235 63.09428420 50.09582901 58.14182694 139.06687459
58.34076388 60.19261573 47.97839526 55.00802499 121.17470198
74.58951828 76.44137013 59.83559442 72.55667974 70.66634359
68.23468954 70.08654139 55.19828696 65.69346470 76.03889956
56.76442817 58.61628002 46.82809623 53.30558242 114.54552141
59.93709686 61.78894871 49.14328689 56.73206460 110.65138989
62.52483800 64.37668985 51.03163854 59.52682504 134.59635928
62.76885772 64.62070957 51.20970698 59.79036633 109.59339590
59.27711294 61.12896479 48.66167701 56.01928198 146.11179823
65.92994153 67.78179339 53.51644382 63.20433686 127.92163835
65.07210170 66.92395355 52.89045259 62.27786983 83.16119993
69.70231087 71.55416272 56.26925388 67.27849574 67.28613508
66.25293238 68.10478424 53.75213985 63.55316698 104.89738511
89.22070557 91.07255742 70.51240677 88.35836201 7.81903063
72.90856491 74.76041676 58.60895277 70.74125010 45.15544100
66.39414952 68.24600137 53.85519019 63.70568148 114.32010633
53.20980130 55.06165315 44.23417932 49.46658540 133.41443048
52.99146413 54.84331598 44.07485220 49.23078126 132.33762812
56.00457056 57.85642241 46.27360554 52.48493620 134.72229008
72.76670079 74.61855264 58.50543031 70.58803686 102.39623920
85.24303722 87.09488907 67.60978392 84.06248020 14.79417610
50.28945916 52.14131101 42.10311884 46.31261589 111.81092940
65.23076411 67.08261596 53.00623327 62.44922524 102.95116992
60.47186683 62.32371868 49.53352444 57.30961618 130.93660792
66.35146684 68.20331869 53.82404337 63.65958418 44.96113752
60.75835006 62.61020191 49.74257977 57.61901806 117.15976379
64.74100219 66.59285405 52.64883944 61.92028237 117.34157575
62.31232310 64.16417495 50.87656010 59.29730895 70.84117955
67.55048417 69.40233602 54.69900196 64.95452290 86.03618409
70.53464795 72.38649980 56.87663499 68.17741978 100.12238568
68.80990167 70.66175352 55.61803635 66.31469380 101.35165331
79.21739178 81.06924364 63.21269130 77.55478313 75.13001615
60.99566008 62.84751193 49.91575195 57.87531288 130.04556516
57.33465537 59.18650722 47.24420797 53.92142780 117.58479443
53.96705169 55.81890354 44.78676745 50.28441583 139.10280648
59.71469085 61.56654270 48.98099062 56.49186612 140.36179945
62.25751303 64.10936488 50.83656356 59.23811407 72.84083350
54.77085166 56.62270351 45.37332418 51.15251979 152.48973465
50.00000000 43.41043821 35.73194140 36.88327327 136.25067557
52.93134629 54.78319814 44.03098243 49.16585399 155.49115114
59.39496970 61.24682155 48.74768059 56.14656728 112.12819368
78.82653216 80.67838402 62.92746942 77.13265474 71.84068486
71.83284321 73.68469507 57.82396667 69.57947067 38.29789808
71.83479199 73.68664384 57.82538875 69.58157535 123.25604308
70.15757569 72.00942754 56.60147415 67.77018175 73.66748761
87.11046264 88.96231449 68.97249976 86.07929965 0.00000000
65.10437295 66.95622481 52.91400189 62.31272279 99.81233506
65.58437352 67.43622538 53.26427257 62.83112341 113.33986087
84.55893636 86.41078822 67.11057518 83.32365127 39.33771376
66.47725246 68.32910431 53.91583288 63.79543266 132.77256425
81.41881640 83.27066825 64.81913629 79.93232171 88.96051350
62.96334875 64.81520061 51.35163287 60.00041665 101.14882466
58.48521873 60.33707058 48.08380826 55.16403623 115.67182256
62.65815331 64.51000516 51.12892269 59.67080558 118.21083676
68.47542077 70.32727262 55.37395570 65.95345443 105.27123142
86.93817335 88.79002520 68.84677515 85.89322722 0.64563272
73.56467301 75.41652486 59.08773436 71.44984685 44.52882214
70.29799609 72.14984794 56.70394309 67.92183578 74.03041679
56.16238010 58.01423195 46.38876386 52.65537051 151.22288479
73.75424560 75.60609745 59.22607111 71.65458524 75.49423021
92.40362949 94.25548135 72.83508098 91.79591985 3.07590232
73.64674186 75.49859371 59.14762244 71.53848121 101.34630703
59.99222585 61.84407770 49.18351616 56.79160392 141.97950617
62.15649859 64.00835044 50.76285032 59.12901848 121.41121766
75.83681217 77.68866402 60.74578185 73.90375714 56.10981357
59.61571158 61.46756343 48.90876251 56.38496851 127.49175322
69.10038886 70.95224071 55.83001349 66.62841997 121.95919216
50.00000000 45.85586305 37.51644060 39.52433209 143.80445075
50.00000000 50.49596847 40.90246348 44.53564594 128.55492826
77.93111591 79.78296776 62.27405755 76.16560518 39.44541565
58.26797983 60.11983168 47.92528258 54.92941821 111.65675701
69.85080588 71.70265774 56.37761510 67.43887035 107.88503997
61.65436085 63.50621270 50.39642549 58.58670972 110.97917659
65.54247886 67.39433072 53.23370079 62.78587717 97.31395196
50.00000000 48.59613198 39.51609631 42.48382254 127.03150177
86.41593201 88.26778386 68.46568011 85.32920657 0.00000000
65.14795726 66.99980911 52.94580665 62.35979384 159.73124243
91.01666675 92.86851861 71.82297304 90.29800009 1.57790371
75.48458330 77.33643516 60.48874998 73.52334997 67.04208634
62.24075240 64.09260426 50.82433283 59.22001260 100.87998786
60.25378669 62.10563854 49.37438488 57.07408962 126.25533207
50.00000000 50.66621925 41.02670053 44.71951679 153.58872358
75.86434003 77.71619188 60.76586975 73.93348723 56.29445892
64.07026407 65.92211592 52.15938189 61.19588519 136.54424793
86.68376020 88.53561205 68.66112231 85.61846102 44.72017267
71.17752557 73.02937743 57.34576191 68.87172762 54.89361172
75.05705509 76.90890694 60.17676993 73.06161950 52.76855744
66.36083147 68.21268333 53.83087702 63.66969799 70.71941174
70.99451919 72.84637104 57.21221670 68.67408072 20.07908705
68.70637892 70.55823078 55.54249273 66.20288924 71.63808349
66.84104694 68.69289879 54.18130453 64.18833070 121.46530004
60.01192547 61.86377732 49.19789156 56.81287951 113.81468533
70.28647464 72.13832649 56.69553555 67.90939261 118.05608142
60.26151254 62.11336440 49.38002267 57.08243355 111.69777200
72.14091648 73.99276833 58.04877689 69.91218980 82.72811940
52.08333351 53.93518536 43.41216229 48.25000019 129.34112501
79.16485119 81.01670304 63.17435087 77.49803928 79.37592248
76.43197274 78.28382460 61.18008822 74.54653056 58.08991348
69.58581891 71.43767076 56.18424623 67.15268442 86.50842548
85.28159274 87.13344459 67.63791903 84.10412016 25.75131128
61.98401932 63.83587117 50.63698707 58.94274086 90.52006378
55.91149272 57.76334457 46.20568388 52.38441214 110.88181040
56.55870161 58.41055346 46.67797144 53.08339774 102.48505150
58.30858748 60.16043933 47.95491519 54.97327448 132.32461302
63.15351105 65.00536290 51.49039996 60.20579193 55.04596171
72.18312004 74.03497189 58.07957408 69.95776965 101.59764283
70.90004171 72.75189356 57.14327368 68.57204504 97.71057632
57.23568704 59.08753889 47.17198784 53.81454200 157.65400034
59.09270335 60.94455520 48.52710785 55.82011961 93.76002270
51.44203366 53.29388551 42.94418673 47.55739635 134.34316270
66.23461112 68.08646297 53.73877027 63.53338001 143.58005009
75.15309437 77.00494622 60.24685265 73.16534192 83.11034514
77.19787444 79.04972629 61.73898946 75.37370440 40.14577587
65.93896747 67.79081932 53.52303031 63.21408486 117.04814324
71.96807684 73.81992870 57.92265067 69.72552299 51.91425105
76.28248753 78.13433938 61.07100441 74.38508653 14.15109176
79.56982667 81.42167852 63.46987352 77.93541280 30.06298539
83.87535400 85.72720586 66.61174481 82.58538232 25.80354075
50.00000000 48.89679219 39.73549700 42.80853556 134.25533030
57.82837804 59.68022989 47.60449208 54.45464828 151.10484220
63.92212355 65.77397540 52.05127935 61.03589343 96.14942892
66.54899406 68.40084592 53.96818486 63.87291359 74.67714298
71.00189745 72.85374930 57.21760084 68.68204925 66.92088446
59.24725363 61.09910548 48.63988778 55.98703392 110.19390555
58.42427043 60.27612228 48.03933248 55.09821206 99.84259150
50.97597717 52.82782902 42.60409145 47.05405534 119.47284271
77.88423893 79.73609079 62.23985003 76.11497805 47.50956379
60.21596308 62.06781493 49.34678387 57.03324013 117.76606694
61.35540271 63.20725456 50.17826684 58.26383492 102.05366512
62.66201933 64.51387118 51.13174383 59.67498087 99.48885344
61.00525190 62.85710375 49.92275138 57.88567205 135.06840142
88.76811539 90.61996724 70.18213826 87.86956462 43.24183060
86.94218149 88.79403334 68.84970001 85.89755601 36.01996174
66.91005107 68.76190292 54.23165889 64.26285516 84.31437876
62.04625146 63.89810331 50.68239972 59.00995158 111.67041043
58.60308063 60.45493248 48.16981560 55.29132708 129.17455025
66.69592013 68.54777199 54.07540118 64.03159374 103.71467076
65.88186042 67.73371227 53.48135760 63.15240925 137.74171110
77.62516339 79.47701525 62.05079491 75.83517647 51.47859678
84.15090374 86.00275559 66.81282165 82.88297604 30.66826174
76.47170153 78.32355338 61.20907949 74.58943765 100.10039970
64.98967656 66.84152841 52.83030452 62.18885068 112.83726473
56.73708862 58.58894047 46.80814575 53.27605571 145.48325270
58.91386040 60.76571225 48.39660083 55.62696923 109.67787605
93.87660140 95.72845325 73.90995237 93.38672951 2.58789506
66.15985675 68.01170860 53.68421979 63.45264529 74.82712161
63.26645708 65.11830893 51.57282003 60.32777365 103.04710971
50.00000000 51.40102498 41.56291012 45.51310698 133.49103168
57.93809324 59.78994509 47.68455452 54.57314070 131.68145370
52.28722419 54.13907604 43.56094738 48.47020213 153.40856255
73.91160511 75.76345696 59.34090103 71.82453352 81.90266123
60.06908844 61.92094029 49.23960507 56.87461551 157.25801469
81.94280243 83.79465428 65.20150448 80.49822662 79.36783794
76.14223015 77.99408201 60.96865444 74.23360857 112.92333634
58.43575522 60.28760707 48.04771327 55.11061564 129.60129846
78.19346473 80.04531658 62.46550129 76.44894190 70.56411585
59.83016366 61.68201551 49.06525456 56.61657675 93.61971491
68.72099596 70.57284781 55.55315921 66.21867563 125.92743224
57.26032900 59.11218085 47.18996981 53.84115532 107.80372887
60.92344540 62.77529725 49.86305475 57.79732103 101.37541032
86.20773228 88.05958413 68.31375058 85.10435086 32.75748840
77.57214057 79.42399243 62.01210258 75.77791182 87.43864295
67.24559714 69.09744900 54.47651683 64.62524492 78.34426366
76.96796396 78.81981581 61.57121694 75.12540108 104.79006961
70.85181300 72.70366485 57.10807976 68.51995804 116.38851879
72.33596884 74.18782069 58.19111239 70.12284634 50.96489369
60.87827520 62.73012705 49.83009271 57.74853722 123.08299156
87.72214792 89.57399977 69.41886470 86.73991975 20.24314192
64.25094181 66.10279366 52.29122781 61.39101716 87.39785341
91.83584297 93.68769482 72.42075028 91.18271041 14.55665702
58.37661004 60.22846189 48.00455327 55.04673884 94.05685216
58.18608194 60.03793379 47.86551925 54.84096849 130.71661853
51.73344975 53.58530160 43.15684171 47.87212573 145.48954386
54.76494967 56.61680152 45.36901732 51.14614564 137.10958100
80.03722748 81.88907933 63.81094978 78.44020568 74.42667733
50.00000000 51.46252810 41.60779078 45.57953035 115.87005651
56.14291089 57.99476274 46.37455659 52.63434376 150.19813592
57.72664594 59.57849779 47.53025514 54.34477761 108.38778882
53.94949122 55.80134307 44.77395305 50.26545052 129.02543229
90.37665011 92.22850196 71.35593386 89.60678212 81.10898525
52.89596741 54.74781926 44.00516541 49.12764480 105.54222107
64.48144115 66.33329300 52.45943003 61.63995644 91.02260188
65.81707704 67.66892889 53.43408324 63.08244320 107.81611622
60.52191479 62.37376664 49.57004592 57.36366797 111.11216888
63.16719986 65.01905172 51.50038909 60.22057585 113.22339813
90.43855991 92.29041176 71.40111129 89.67364470 67.24309843
63.99121854 65.84307039 52.10170001 61.11051602 122.71055974
67.01773767 68.86958952 54.31024100 64.37915669 49.32088207
63.54502922 65.39688107 51.77610240 60.62863156 114.79177155
51.37769460 53.22954645 42.89723660 47.48791017 134.68277398
75.88503687 77.73688873 60.78097285 73.95583982 115.98855387
78.79868485 80.65053670 62.90714840 77.10257964 107.20966985
59.90087638 61.75272823 49.11685574 56.69294649 111.01373776
54.18100510 56.03285695 44.94289561 50.51548550 115.53165810
62.86105180 64.71290365 51.27698375 59.88993595 105.80520275
77.33966661 79.19151846 61.84245942 75.52683994 83.34255726
64.15661433 66.00846619 52.22239424 61.28914348 125.61310146
57.54702867 59.39888052 47.39918308 54.15079096 126.99258533
67.45644645 69.30829830 54.63037984 64.85296216 121.87809880
82.37606445 84.22791631 65.51766866 80.96614961 73.41499917
94.51886864 96.37072050 74.37863388 94.08037814 10.63200260
91.73114736 93.58299921 72.34435077 91.06963915 8.46113676
59.96276552 61.81461737 49.16201808 56.75978676 100.41837463
65.25209732 67.10394918 53.02180075 62.47226511 82.91998709
62.33512187 64.18697372 50.89319704 59.32193162 121.03268984
73.03293112 74.88478297 58.69970649 70.87556561 124.90507220
61.78212239 63.63397424 50.48965688 58.72469218 118.13392712
65.93075105 67.78260290 53.51703455 63.20521113 87.06163822
79.94578255 81.79763440 63.74421970 78.34144515 83.98374266
52.84451249 54.69636434 43.96761722 49.07207349 129.42577645
71.85238556 73.70423741 57.83822730 69.60057640 91.59602799
50.67509693 52.52694879 42.38453019 46.72910469 141.72530095
59.09550430 60.94735615 48.52915179 55.82314464 143.10686552
89.07391670 90.92576855 70.40529056 88.19983003 36.65649655
54.75280665 56.60465851 45.36015621 51.13303119 139.87105139
96.00505225 97.85690410 75.46314623 95.68545643 3.35470105
63.32997011 65.18182196 51.61916738 60.39636772 89.68312098
58.67463890 60.52649075 48.22203379 55.36861001 140.43869411
63.65169181 65.50354367 51.85393727 60.74382716 125.42138579
63.14452317 64.99637502 51.48384123 60.19608502 125.56360301
70.66575731 72.51760917 56.97230939 68.31901790 74.05705853
58.00873907 59.86059092 47.73610689 54.64943819 128.64679984
64.35109742 66.20294927 52.36431433 61.49918521 122.16124458
53.02913502 54.88098687 44.10234177 49.27146582 124.77771733
64.39138827 66.24324012 52.39371576 61.54269933 91.24372952
67.93237176 69.78422362 54.97767669 65.36696151 121.41348857
71.37584813 73.22769998 57.49048377 69.08591598 77.13828584
53.28161574 55.13346759 44.28658446 49.54414500 130.98691467
75.45483785 77.30668971 60.46704384 73.49122488 32.36749382
66.23824706 68.09009891 53.74142353 63.53730683 89.31091171
62.47461081 64.32646267 50.99498627 59.47257968 123.32184597
72.44665464 74.29850649 58.27188311 70.24238701 75.99931716
57.99295820 59.84481006 47.72459112 54.63239486 128.54449931
67.45925723 69.31110908 54.63243095 64.85599781 94.74597892
89.72845884 91.58031070 70.88292943 88.90673555 15.12140133
93.60306033 95.45491219 73.71034132 93.09130516 12.99042914
62.48736855 64.33922040 51.00429597 59.48635803 151.97954201
74.43643005 76.28828191 59.72388139 72.39134446 54.43822274
88.18592626 90.03777811 69.75729754 87.24080036 19.74847249
66.50520772 68.35705957 53.93623266 63.82562433 121.69964712
83.32237444 85.17422629 66.20821919 81.98816439 101.04711204
54.45370033 56.30555218 45.14188943 50.80999635 126.05267741
74.06865435 75.92050620 59.45550453 71.99414670 83.35090951
56.58515766 58.43700951 46.69727721 53.11197027 112.20316620
70.67043489 72.52228675 56.97572276 68.32406969 112.66693302
60.63806836 62.48992021 49.65480664 57.48911382 138.65128748
52.88614414 54.73799600 43.99799708 49.11703568 137.81979241
70.23861420 72.09046605 56.66061036 67.85770333 139.92491731
53.21737587 55.06922773 44.23970672 49.47476594 132.62852964
63.46542326 65.31727511 51.71801156 60.54265712 108.58696181
58.78685296 60.63870481 48.30391973 55.48980120 127.75795874
56.56429688 58.41614873 46.68205448 53.08944063 155.09957213
50.32688003 52.17873188 42.13042597 46.35303043 146.42898184
74.08919369 75.94104554 59.47049269 72.01632919 80.52627008
82.60667720 84.45852906 65.68595364 81.21521138 61.39252023
58.28512204 60.13697389 47.93779176 54.94793180 138.45416707
92.47505353 94.32690538 72.88720123 91.87305782 37.31595749
52.84857720 54.70042905 43.97058336 49.07646337 154.98826778
59.79246499 61.64431684 49.03774472 56.57586219 108.13289685
65.97792470 67.82977655 53.55145856 63.25615867 59.99418253
60.63992531 62.49177716 49.65616171 57.49111934 110.85733023
57.50884420 59.36069605 47.37131874 54.10955173 79.16270604
74.45960743 76.31145928 59.74079461 72.41637602 97.21190140
68.17162916 70.02348101 55.15226993 65.62535949 107.65957782
61.73079346 63.58264532 50.45220064 58.66925694 112.73456765
64.89501475 66.74686660 52.76122698 62.08661593 114.73345873
89.08938226 90.94123411 70.41657624 88.21653284 0.00000000
62.78916909 64.64102094 51.22452879 59.81230261 126.86471517
83.29785377 85.14970562 66.19032572 81.96168207 10.73265026
60.16431585 62.01616770 49.30909535 56.97746112 117.39003912
83.25998776 85.11183961 66.16269377 81.92078678 88.69029659
83.50640352 85.35825537 66.34251068 82.18691580 41.79166037
74.28605153 76.13790338 59.61414571 72.22893565 68.50504622
67.97860202 69.83045387 55.01141228 65.41689018 128.48543661
55.71849988 57.57035173 46.06485126 52.17597987 117.97056017
90.61286254 92.46471440 71.52830510 89.86189155 42.24320132
52.38552926 54.23738111 43.63268351 48.57637160 144.20904903
59.90972581 61.76157766 49.12331343 56.70250387 102.62737803
54.53791782 56.38976967 45.20334543 50.90095124 133.72758108
56.81610880 58.66796065 46.86580913 53.36139751 89.05813371
63.29692528 65.14877713 51.59505358 60.36067930 97.67662320
89.07081455 90.92266640 70.40302683 88.19647971 35.90403620
58.56353461 60.41538647 48.14095769 55.24861738 123.82692290
52.23852586 54.09037771 43.52541076 48.41760792 139.65343915
67.17067285 69.02252470 54.42184235 64.54432668 123.08655666
98.29127985 100.14313170 77.13147448 98.15458223 1.54206259
89.86533396 91.71718581 70.98281127 89.05456068 11.82481188
67.11928228 68.97113413 54.38434112 64.48882486 116.78267467
75.68052120 77.53237305 60.63173169 73.73496289 110.01326887
78.06728455 79.91913640 62.37342386 76.31266731 85.33071973
58.37885727 60.23070912 48.00619314 55.04916585 147.84330832
74.98856415 76.84041601 60.12679006 72.98764929 73.26734979
71.39712078 73.24897263 57.50600705 69.10889044 111.22880870
59.20694462 61.05879647 48.61047310 55.94350019 97.79199567
61.30430306 63.15615492 50.14097791 58.20864731 107.12804990
56.71587915 58.56773100 46.79266857 53.25314948 142.39529899
64.99591838 66.84777023 52.83485936 62.19559185 97.45677198
90.48573586 92.33758771 71.43553698 89.72459473 35.31335818
59.15880932 61.01066117 48.57534734 55.89151406 102.71762400
64.45847680 66.31032865 52.44267226 61.61515494 84.58167016
64.58615775 66.43800960 52.53584484 61.75305037 65.13847450
69.11830163 70.97015348 55.84308497 66.64776576 97.02887970
62.41650865 64.26836051 50.95258740 59.40982935 120.85820360
87.66698725 89.51883910 69.37861232 86.68034623 22.26338010
56.15226437 58.00411622 46.38138211 52.64444552 129.70448413
58.08398472 59.93583657 47.79101587 54.73070349 115.23248275
86.02367554 87.87552739 68.17943891 84.90556959 48.30385622
56.61986677 58.47171862 46.72260548 53.14945611 131.23490711
81.37859565 83.23044750 64.78978601 79.88888330 32.14748394
51.16716516 53.01901701 42.74360701 47.26053838 155.48298434
97.31117559 99.16302745 76.41626327 97.09606964 0.00000000
64.13049865 65.98235050 52.20333685 61.26093854 75.71248902
79.16820625 81.02005810 63.17679915 77.50166275 44.52857416
57.29466257 59.14651442 47.21502404 53.87823558 123.83650150
75.14101555 76.99286741 60.23803838 73.15229680 95.08192717
74.65769661 76.50954846 59.88534617 72.63031234 40.01298967
90.52725684 92.37910869 71.46583607 89.76943739 14.74680106
50.15141183 52.00326368 42.00238160 46.16352477 156.19198017
62.33484606 64.18669791 50.89299577 59.32163374 119.53909423
65.61278257 67.46463442 53.28500349 62.86180517 99.41779665
81.41212652 83.26397838 64.81425449 79.92509665 26.70631897
93.70044506 95.55229691 73.78140586 93.19648067 7.21976560
69.92361305 71.77546490 56.43074466 67.51750209 133.46406511
50.00000000 38.55558493 32.18921062 31.64003172 114.82865393
69.83157335 71.68342520 56.36358055 67.41809922 66.57036048
61.05578077 62.90763262 49.95962380 57.94024323 108.67893618
58.92974014 60.78159199 48.40818875 55.64411935 131.39666858
53.81335332 55.66520517 44.67460918 50.11842159 139.34003348
57.97715009 59.82900194 47.71305547 54.61532210 90.31985414
50.91109863 52.76295048 42.55674765 46.98398652 132.61202543
61.49645338 63.34830523 50.28119571 58.41616965 109.23421519
68.50939107 70.36124292 55.39874483 65.99014235 97.55320287
78.58766591 80.43951776 62.75316161 76.87467918 37.55338890
54.03860106 55.89045291 44.83897915 50.36168914 123.50461899
52.25120365 54.10305550 43.53466212 48.43129994 134.99687118
78.41863234 80.27048419 62.62981279 76.69212293 8.93535935
84.86842820 86.72028006 67.33642058 83.65790246 0.00000000
61.38046549 63.23231734 50.19655590 58.29090272 101.71420241
50.00000000 43.12044887 35.52032755 36.57008478 129.85010505
59.42927362 61.28112547 48.77271318 56.18361551 135.14154307
69.15999432 71.01184617 55.87350937 66.69279387 115.08436117
69.33412537 71.18597722 56.00057797 66.88085540 92.84354709
83.27433956 85.12619141 66.17316670 81.93628672 35.98868645
76.63646547 78.48831733 61.32931264 74.76738271 36.03946074
62.25737198 64.10922383 50.83646063 59.23796174 43.45982971
82.81224449 84.66409634 65.83596220 81.43722405 20.33982342
52.50558044 54.35743229 43.72028843 48.70602688 122.55844206
63.84454272 65.69639457 51.99466631 60.95210613 85.55805118
90.14092923 91.99278108 71.18392133 89.35220356 19.20800631
60.08419891 61.93605076 49.25063164 56.89093482 122.45962596
81.11997049 82.97182234 64.60105954 79.60956813 62.69706350
51.16984377 53.02169562 42.74556167 47.26343127 122.56883607
53.46387207 55.31572392 44.41958232 49.74098184 128.27895125
58.68190374 60.53375560 48.22733516 55.37645604 139.59935765
69.50703631 71.35888816 56.12675623 67.06759921 49.12361764
66.99418713 68.84603898 54.29305547 64.35372210 123.63880656
69.20235120 71.05420305 55.90441844 66.73853930 98.81306455
50.00000000 45.85960147 37.51916864 39.52836959 146.63038016
76.25140036 78.10325222 61.04831918 74.35151239 91.32956954
76.63394602 78.48579787 61.32747412 74.76466170 72.24899979
72.22582357 74.07767542 58.11073612 70.00388946 99.89809794
89.17308301 91.02493486 70.47765517 88.30692965 19.97522637
75.21980682 77.07165867 60.29553470 73.23739136 64.30207864
60.73951250 62.59136435 49.72883345 57.59867350 111.68786646
60.53474438 62.38659623 49.57940806 57.37752393 153.05511674
51.95838349 53.81023534 43.32098255 48.11505417 117.07631315
52.24753500 54.09938685 43.53198500 48.42733780 108.98621484
91.38268849 93.23454034 72.09006998 90.69330357 3.36595346
80.60631331 82.45816516 64.22622863 79.05481837 41.71059958
60.76935725 62.62120910 49.75061205 57.63090583 81.84690586
70.24831272 72.10016457 56.66768766 67.86817774 50.80402965
50.94097261 52.79282446 42.57854758 47.01625041 135.92240520
50.00000000 46.24446819 37.80001733 39.94402565 135.97170253
90.62938056 92.48123241 71.54035879 89.87973100 48.45217274
70.18810907 72.03996092 56.62375527 67.80315779 117.99560385
90.91830250 92.77015435 71.75119372 90.19176670 26.93825844
53.36864821 55.22050006 44.35009464 49.63814006 126.89509708
57.61231811 59.46416996 47.44682673 54.22130356 113.75483609
61.98114259 63.83299444 50.63488784 58.93963400 152.79210918
77.25419589 79.10604775 61.78008890 75.43453157 0.00000000
95.39784110 97.24969295 75.02004621 95.02966839 2.44178089
76.12842163 77.98027348 60.95857794 74.21869536 41.07266655
50.00000000 39.80462732 33.10067399 32.98899751 130.97713397
84.25901055 86.11086240 66.89171040 82.99973139 17.09142301
88.28700701 90.13885887 69.83105917 87.34996758 0.04061462
56.83909458 58.69094643 46.88258253 53.38622214 147.13217057
67.86013055 69.71198241 54.92496013 65.28894100 99.12046511
67.74507987 69.59693172 54.84100423 65.16468626 124.87238063
76.71910378 78.57095563 61.38961627 74.85663208 48.62405440
59.79386729 61.64571914 49.03876802 56.57737667 129.35487597
50.00000000 47.33368939 38.59485442 41.12038455 128.24287114
65.69806400 67.54991585 53.34723589 62.95390912 118.62158604
52.57125091 54.42310276 43.76821012 48.77695098 140.52053482
63.44897006 65.30082191 51.70600518 60.52488766 88.64625234
62.29485047 64.14670232 50.86380980 59.27843851 137.38750664
68.85431542 70.70616727 55.65044639 66.36266065 88.77456427
65.19766172 67.04951357 52.98207747 62.41347466 140.04903243
57.73579506 59.58764691 47.53693153 54.35465866 160.00000000
66.36611663 68.21796848 53.83473376 63.67540596 125.29352791
55.82278368 57.67463553 46.14095026 52.28860638 160.00000000
54.45632198 56.30817383 45.14380252 50.81282774 88.49046518
57.73077546 59.58262731 47.53326858 54.34923750 114.71382705
50.00000000 46.70849759 38.13863338 40.44517740 110.54498947
95.97458811 97.82643996 75.44091565 95.65255516 3.13819818
50.00000000 51.37154395 41.54139693 45.48126746 136.56464015
63.55973037 65.41158222 51.78683027 60.64450880 100.36699013
63.78230014 65.63415199 51.94924605 60.88488415 84.83106686
78.16060793 80.01245978 62.44152470 76.41345656 50.74990179
70.69554775 72.54739960 56.99404836 68.35119157 76.74955193
59.21415524 61.06600709 48.61573491 55.95128766 123.73589390
66.92912183 68.78097369 54.24557539 64.28345158 126.96784416
55.55644329 57.40829515 45.94659376 52.00095876 154.71258270
61.47582296 63.32767481 50.26614108 58.39388880 134.52353059
86.61655687 88.46840872 68.61208204 85.54588142 41.97384214
53.54124287 55.39309472 44.47604209 49.82454230 130.20729847
56.46854016 58.32039202 46.61217796 52.98602338 137.44586284
59.97701537 61.82886722 49.17241662 56.77517660 160.00000000
63.50701030 65.35886216 51.74835887 60.58757113 143.06034999
59.60549835 61.45735020 48.90130960 56.37393821 123.64544329
61.29871542 63.15056727 50.13690044 58.20261265 96.13176916
51.55672493 53.40857678 43.02788035 47.68126292 114.22358772
63.48545605 65.33730790 51.73263009 60.56429254 107.12568167
61.80132873 63.65318058 50.50367231 58.74543502 148.02984771
65.72211987 67.57397173 53.36479018 62.97988946 80.96499571
59.16502769 61.01687954 48.57988507 55.89822990 99.36998870
81.36197439 83.21382625 64.77765699 79.87093234 11.26247028
56.87914587 58.73099772 46.91180915 53.42947754 120.07283393
70.16208142 72.01393327 56.60476211 67.77504793 97.27196597
50.00000000 51.80020045 41.85420033 45.94421649 127.64956664
69.61339316 71.46524501 56.20436798 67.18246462 42.43689722
69.15004057 71.00189242 55.86624582 66.68204381 132.11101428
64.44698238 66.29883423 52.43428444 61.60274097 121.95157343
59.70722175 61.55907360 48.97554020 56.48379949 112.85805436
61.57794179 63.42979364 50.34066023 58.50417713 126.95455171
66.94029021 68.79214206 54.25372529 64.29551342 98.23200217
64.26373783 66.11558969 52.30056545 61.40483686 140.32438457
73.07951446 74.93136632 58.73369974 70.92587562 68.81212896
61.03260306 62.88445491 49.94271034 57.91521131 62.94745552
50.00000000 42.84974519 35.32278703 36.27772480 113.56687088
60.38819059 62.24004244 49.47246340 57.21924583 88.45768025
58.32522442 60.17707627 47.96705566 54.99124238 127.41912752
59.47903190 61.33088375 48.80902328 56.23735445 126.85122676
70.87024289 72.72209474 57.12152859 68.53986232 45.04798596
54.43005970 56.28191156 45.12463816 50.78446448 131.58842090
58.60048850 60.45234036 48.16792404 55.28852758 110.77541161
72.93845185 74.79030370 58.63076216 70.77352800 66.77669088
57.21474585 59.06659771 47.15670643 53.79192552 154.63964993
72.81089237 74.66274422 58.53767822 70.63576376 104.00908728
78.44035797 80.29220982 62.64566663 76.71558661 62.25546633
58.11920804 59.97105989 47.81671938 54.76874468 70.28958921
86.82377788 88.67562973 68.76329737 85.76968011 11.18792741
83.66551735 85.51736920 66.45862077 82.35875874 48.77576898
55.70991428 57.56176613 46.05858610 52.16670742 151.25274341
86.69530456 88.54715641 68.66954657 85.63092893 1.88654548
64.16133371 66.01318557 52.22583812 61.29424041 94.90693485
58.37471347 60.22656532 48.00316929 55.04469055 113.08153643
81.90671691 83.75856876 65.17517180 80.45925426 49.62521777
54.79668777 56.64853962 45.39217756 51.18042279 125.59982165
50.00000000 46.41757697 37.92633995 40.13098312 145.06455201
76.36116854 78.21302039 61.12842028 74.47006202 80.39550323
53.80623235 55.65808420 44.66941279 50.11073093 82.92101703
59.10199436 60.95384621 48.53388777 55.83015390 110.11541596
94.96234593 96.81419778 74.70225244 94.55933360 0.00000000
60.52389029 62.37574214 49.57148751 57.36580151 160.00000000
72.20064852 74.05250037 58.09236514 69.97670040 92.70372947
70.97850864 72.83036049 57.20053333 68.65678933 94.54609750
63.64467073 65.49652258 51.84881377 60.73624439 86.24093118
70.32038702 72.17223888 56.72028242 67.94601799 47.59657809
68.85062803 70.70247988 55.64775559 66.35867827 79.39224963
64.77684394 66.62869579 52.67499422 61.95899145 116.88488030
67.07814764 68.92999949 54.35432395 64.44439945 125.08391127
67.51802175 69.36987360 54.67531317 64.91946349 99.68589115
63.03929149 64.89114334 51.40705054 60.08243481 143.36601087
60.21097392 62.06282577 49.34314313 57.02785184 111.44774138
58.54196652 60.39381837 48.12521881 55.22532384 155.05862382
52.46312762 54.31497947 43.68930935 48.66017783 111.38357788
64.60151935 66.45337120 52.54705466 61.76964090 131.03384264
58.29071664 60.14256849 47.94187430 54.95397397 143.23140456
58.68301719 60.53486905 48.22814768 55.37765857 89.65880156
83.39222696 85.24407881 66.25919264 82.06360511 59.91508283
54.22849123 56.08034309 44.97754766 50.56677053 139.30719384
59.40234010 61.25419195 48.75305899 56.15452731 114.27628366
81.66989064 83.52174249 65.00235263 80.20348189 32.63345461
63.27092011 65.12277196 51.57607683 60.33259372 125.28753603
58.03038798 59.88223983 47.75190474 54.67281902 106.59861007
82.78527680 84.63712865 65.81628307 81.40809894 18.26175620
60.29968721 62.15153906 49.40787986 57.12366219 134.82740608
61.34714012 63.19899197 50.17223739 58.25491133 93.35041384
63.23142374 65.08327559 51.54725516 60.28993764 104.94883691
94.49259522 96.34444707 74.35946137 94.05200283 13.57065926
96.46861067 98.32046252 75.80141859 96.18609952 35.96299540
59.88878575 61.74063760 49.10803284 56.67988860 95.26324091
56.36499872 58.21685058 46.53662069 52.87419862 132.01826169
86.47510541 88.32695726 68.50886070 85.39311384 38.51835264
71.41248808 73.26433994 57.51722103 69.12548713 78.64642246
56.28822745 58.14007931 46.48059841 52.79128565 91.88192208
50.00000000 47.59818665 38.78786593 41.40604158 140.17821969
55.77985378 57.63170563 46.10962303 52.24224208 119.25950433
62.09022797 63.94207982 50.71449068 59.05744621 125.87196067
53.32616056 55.17801241 44.31909014 49.59225341 124.67937558
65.76927798 67.62112983 53.39920285 63.03082021 91.54584883
57.94071526 59.79256711 47.68646789 54.57597248 137.92123141
70.73768967 72.58954153 57.02480057 68.39670485 63.05461728
67.37734784 69.22919969 54.57265923 64.76753567 95.99180897
71.65662791 73.50847976 57.69537712 69.38915814 92.85088487
79.24562558 81.09747743 63.23329434 77.58527562 1.51294188
86.97782653 88.82967838 68.87571125 85.93605265 18.52683848
60.41466988 62.26652173 49.49178613 57.24784347 129.62668826
56.67579108 58.52764293 46.76341511 53.20985437 129.69885006
61.82138808 63.67323993 50.51831022 58.76709913 119.75096139
88.07291630 89.92476815 69.67483081 87.11874960 24.48704444
70.40269285 72.25454470 56.78034343 68.03490827 128.54936895
56.17247863 58.02433049 46.39613306 52.66627692 136.68284805
80.08226505 81.93411690 63.84381503 78.48884625 36.95689678
77.00223347 78.85408532 61.59622442 75.16241214 61.81325455
52.71040976 54.56226162 43.86975848 48.92724255 119.96695460
61.08549866 62.93735052 49.98130984 57.97233856 114.07622953
64.57431836 66.42617021 52.52720529 61.74026382 115.21603508
67.35831535 69.21016720 54.55877066 64.74698058 106.58600457
83.60501403 85.45686588 66.41446970 82.29341515 51.65344973
69.42121146 71.27306331 56.06412728 66.97490837 103.15621298
66.90363027 68.75548212 54.22697344 64.25592069 79.62995552
56.63760390 58.48945575 46.73554879 53.16861221 126.00724481
61.12308797 62.97493982 50.00873987 58.01293501 142.20180928
93.09371725 94.94556910 73.33865854 92.54121463 9.96976663
67.64649435 69.49834620 54.76906344 65.05821390 135.66913226
59.74895534 61.60080720 49.00599444 56.52887177 104.83732705
70.08314829 71.93500014 56.54716226 67.68980015 106.38642456
62.05726019 63.90911204 50.69043311 59.02184101 69.44657175
65.93464670 67.78649855 53.51987732 63.20941843 144.54586000
69.34306495 71.19491680 56.00710145 66.89051014 114.89405602
58.79045309 60.64230495 48.30654685 55.49368934 131.37602387
81.17122618 83.02307803 64.63846234 79.66492427 51.97524318
85.93353938 87.78539124 68.11366388 84.80822254 35.25879392
74.43688994 76.28874179 59.72421698 72.39184114 92.84237799
59.90742211 61.75927396 49.12163235 56.70001588 121.87476950
56.02012802 57.87197987 46.28495829 52.50173826 127.11613055
64.23306156 66.08491341 52.27818006 61.37170649 106.01651924
87.10488815 88.95674000 68.96843189 86.07327920 31.54074695
64.11924564 65.97109749 52.19512520 61.24878529 111.58121389
76.91700179 78.76885364 61.53402833 75.07036193 74.09457867
50.53240795 52.38425980 42.28040580 46.57500059 149.60385880
84.57879474 86.43064659 67.12506643 83.34509832 11.22176308
77.41939881 79.27125066 61.90064237 75.61295071 55.79751655
63.24811871 65.09997056 51.55943798 60.30796821 132.54543235
81.60450740 83.45635925 64.95464053 80.13286799 11.23869958
63.31389483 65.16574668 51.60743676 60.37900641 92.74655687
56.84684809 58.69869994 46.88824050 53.39459594 139.90649743
50.00000000 47.43967120 38.67219250 41.23484489 140.59920216
95.43163793 97.28348979 75.04470876 95.06616897 5.58781990
87.19024071 89.04209256 69.03071619 86.16545997 26.46019936
71.61871036 73.47056221 57.66770756 69.34820719 143.33918954
80.66589637 82.51774822 64.26970816 79.11916808 38.30566986
62.79355090 64.64540275 51.22772633 59.81703497 116.48733348
61.51110953 63.36296139 50.29189074 58.43199830 82.81407614
81.76398205 83.61583390 65.07101393 80.30510062 12.43711645
96.25627318 98.10812504 75.64646962 95.95677504 17.64333457
60.43460753 62.28645938 49.50633523 57.26937613 140.16069462
61.03649093 62.88834278 49.94554743 57.91941020 112.92788971
52.82245809 54.67430994 43.95152347 49.04825474 116.78240336
69.22807075 71.07992260 55.92318676 66.76631641 97.83139603
69.43142217 71.28327402 56.07157834 66.98593594 87.25970614
64.81338150 66.66523335 52.70165677 61.99845202 101.27794391
61.85191576 63.70376762 50.54058718 58.80006903 120.35250476
82.56456562 84.41641748 65.65522356 81.16973087 37.48192961
91.02191301 92.87376486 71.82680138 90.30366605 0.00000000
57.70785207 59.55970392 47.51654070 54.32448024 142.07556147
93.08283845 94.93469031 73.33071995 92.52946553 13.43816155
92.15169725 94.00354910 72.65123853 91.52383303 10.10112980
80.58189689 82.43374874 64.20841124 79.02844864 32.57630679
71.66601219 73.51786404 57.70222511 69.39929317 44.79544509
83.19954481 85.05139666 66.11858675 81.85550839 50.52626794
56.17548367 58.02733552 46.39832592 52.66952237 130.77468956
63.98321824 65.83507009 52.09586196 61.10187570 99.15460742
60.15887446 62.01072631 49.30512460 56.97158441 159.16306372
64.86157103 66.71342288 52.73682210 62.05049671 90.97695584
52.44002541 54.29187727 43.67245098 48.63522745 133.70044495
85.03234967 86.88420153 67.45603895 83.83493765 0.00000000
83.01204104 84.86389289 65.98175968 81.65300432 60.00974737
97.92160365 99.77345550 76.86171077 97.75533194 0.00000000
50.00000000 45.72840691 37.42343207 39.38667946 115.11712341
53.14394255 54.99579441 44.18612024 49.39545796 143.55879284
