-63.02979009 -63.02979009 -63.02979009 -63.02979009 -63.02979009
-47.87361068 -47.87361068 -47.87361068 -47.87361068 -47.87361068
-56.74895537 -56.74895537 -56.74895537 -56.74895537 -56.74895537
-51.90837054 -51.90837054 -51.90837054 -51.90837054 -51.90837054
-49.39720149 -49.39720149 -49.39720149 -49.39720149 -49.39720149
-56.42158868 -56.42158868 -56.42158868 -56.42158868 -56.42158868
-46.14056484 -46.14056484 -46.14056484 -46.14056484 -46.14056484
-54.87229733 -54.87229733 -54.87229733 -54.87229733 -54.87229733
-65.61732209 -65.61732209 -65.61732209 -65.61732209 -65.61732209
-49.09554106 -49.09554106 -49.09554106 -49.09554106 -49.09554106
-84.28659507 -84.28659507 -84.28659507 -84.28659507 -84.28659507
-50.51170240 -50.51170240 -50.51170240 -50.51170240 -50.51170240
-42.91514912 -42.91514912 -42.91514912 -42.91514912 -42.91514912
-51.54431725 -51.54431725 -51.54431725 -51.54431725 -51.54431725
-51.72819165 -51.72819165 -51.72819165 -51.72819165 -51.72819165
-43.33422197 -43.33422197 -43.33422197 -43.33422197 -43.33422197
-55.03325254 -55.03325254 -55.03325254 -55.03325254 -55.03325254
-47.90087287 -47.90087287 -47.90087287 -47.90087287 -47.90087287
-74.19156098 -74.19156098 -74.19156098 -74.19156098 -74.19156098
-49.42286814 -49.42286814 -49.42286814 -49.42286814 -49.42286814
-65.89277629 -65.89277629 -65.89277629 -65.89277629 -65.89277629
-48.71827512 -48.71827512 -48.71827512 -48.71827512 -48.71827512
-70.82819042 -70.82819042 -70.82819042 -70.82819042 -70.82819042
-52.18523178 -52.18523178 -52.18523178 -52.18523178 -52.18523178
-75.08602719 -75.08602719 -75.08602719 -75.08602719 -75.08602719
-48.05912704 -48.05912704 -48.05912704 -48.05912704 -48.05912704
-59.82744040 -59.82744040 -59.82744040 -59.82744040 -59.82744040
-59.73998132 -59.73998132 -59.73998132 -59.73998132 -59.73998132
-52.55733169 -52.55733169 -52.55733169 -52.55733169 -52.55733169
-67.03373664 -67.03373664 -67.03373664 -67.03373664 -67.03373664
-62.55768402 -62.55768402 -62.55768402 -62.55768402 -62.55768402
-53.12573988 -53.12573988 -53.12573988 -53.12573988 -53.12573988
-54.65936455 -54.65936455 -54.65936455 -54.65936455 -54.65936455
-54.08611450 -54.08611450 -54.08611450 -54.08611450 -54.08611450
-52.19560374 -52.19560374 -52.19560374 -52.19560374 -52.19560374
-62.37766616 -62.37766616 -62.37766616 -62.37766616 -62.37766616
-50.32759544 -50.32759544 -50.32759544 -50.32759544 -50.32759544
-56.08095751 -56.08095751 -56.08095751 -56.08095751 -56.08095751
-37.71292259 -37.71292259 -37.71292259 -37.71292259 -37.71292259
-44.20640182 -44.20640182 -44.20640182 -44.20640182 -44.20640182
-67.17776623 -67.17776623 -67.17776623 -67.17776623 -67.17776623
-47.06595565 -47.06595565 -47.06595565 -47.06595565 -47.06595565
-51.91875269 -51.91875269 -51.91875269 -51.91875269 -51.91875269
-72.06338986 -72.06338986 -72.06338986 -72.06338986 -72.06338986
-53.80241746 -53.80241746 -53.80241746 -53.80241746 -53.80241746
-47.47175842 -47.47175842 -47.47175842 -47.47175842 -47.47175842
-47.30705914 -47.30705914 -47.30705914 -47.30705914 -47.30705914
-72.91482273 -72.91482273 -72.91482273 -72.91482273 -72.91482273
-60.99635279 -60.99635279 -60.99635279 -60.99635279 -60.99635279
-48.42812461 -48.42812461 -48.42812461 -48.42812461 -48.42812461
-68.64294254 -68.64294254 -68.64294254 -68.64294254 -68.64294254
-46.08230521 -46.08230521 -46.08230521 -46.08230521 -46.08230521
-71.28305195 -71.28305195 -71.28305195 -71.28305195 -71.28305195
-50.13160722 -50.13160722 -50.13160722 -50.13160722 -50.13160722
-50.67768057 -50.67768057 -50.67768057 -50.67768057 -50.67768057
-61.64823742 -61.64823742 -61.64823742 -61.64823742 -61.64823742
-51.47708206 -51.47708206 -51.47708206 -51.47708206 -51.47708206
-48.33231933 -48.33231933 -48.33231933 -48.33231933 -48.33231933
-45.78394730 -45.78394730 -45.78394730 -45.78394730 -45.78394730
-74.78740498 -74.78740498 -74.78740498 -74.78740498 -74.78740498
-52.85836398 -52.85836398 -52.85836398 -52.85836398 -52.85836398
-44.02817347 -44.02817347 -44.02817347 -44.02817347 -44.02817347
-56.70348640 -56.70348640 -56.70348640 -56.70348640 -56.70348640
-58.00525079 -58.00525079 -58.00525079 -58.00525079 -58.00525079
-47.10620508 -47.10620508 -47.10620508 -47.10620508 -47.10620508
-42.21716696 -42.21716696 -42.21716696 -42.21716696 -42.21716696
-46.36146916 -46.36146916 -46.36146916 -46.36146916 -46.36146916
-50.90395883 -50.90395883 -50.90395883 -50.90395883 -50.90395883
-50.62178659 -50.62178659 -50.62178659 -50.62178659 -50.62178659
-48.72946268 -48.72946268 -48.72946268 -48.72946268 -48.72946268
-45.23255938 -45.23255938 -45.23255938 -45.23255938 -45.23255938
-57.34429995 -57.34429995 -57.34429995 -57.34429995 -57.34429995
-74.81823283 -74.81823283 -74.81823283 -74.81823283 -74.81823283
-43.97618798 -43.97618798 -43.97618798 -43.97618798 -43.97618798
-42.82478156 -42.82478156 -42.82478156 -42.82478156 -42.82478156
-53.61416271 -53.61416271 -53.61416271 -53.61416271 -53.61416271
-63.30886951 -63.30886951 -63.30886951 -63.30886951 -63.30886951
-50.79427119 -50.79427119 -50.79427119 -50.79427119 -50.79427119
-57.48580166 -57.48580166 -57.48580166 -57.48580166 -57.48580166
-74.53116673 -74.53116673 -74.53116673 -74.53116673 -74.53116673
-50.18441783 -50.18441783 -50.18441783 -50.18441783 -50.18441783
-62.21297033 -62.21297033 -62.21297033 -62.21297033 -62.21297033
-62.24121039 -62.24121039 -62.24121039 -62.24121039 -62.24121039
-48.55192790 -48.55192790 -48.55192790 -48.55192790 -48.55192790
-69.28342178 -69.28342178 -69.28342178 -69.28342178 -69.28342178
-48.76678528 -48.76678528 -48.76678528 -48.76678528 -48.76678528
-52.41503855 -52.41503855 -52.41503855 -52.41503855 -52.41503855
-49.20042636 -49.20042636 -49.20042636 -49.20042636 -49.20042636
-57.44986253 -57.44986253 -57.44986253 -57.44986253 -57.44986253
-51.89131940 -51.89131940 -51.89131940 -51.89131940 -51.89131940
-51.96258014 -51.96258014 -51.96258014 -51.96258014 -51.96258014
-49.48215010 -49.48215010 -49.48215010 -49.48215010 -49.48215010
-49.68529099 -49.68529099 -49.68529099 -49.68529099 -49.68529099
-71.75456518 -71.75456518 -71.75456518 -71.75456518 -71.75456518
-63.27493994 -63.27493994 -63.27493994 -63.27493994 -63.27493994
-45.84127213 -45.84127213 -45.84127213 -45.84127213 -45.84127213
-62.53582092 -62.53582092 -62.53582092 -62.53582092 -62.53582092
-45.98201497 -45.98201497 -45.98201497 -45.98201497 -45.98201497
-52.14530604 -52.14530604 -52.14530604 -52.14530604 -52.14530604
-48.36433492 -48.36433492 -48.36433492 -48.36433492 -48.36433492
-51.67453695 -51.67453695 -51.67453695 -51.67453695 -51.67453695
-54.84722401 -54.84722401 -54.84722401 -54.84722401 -54.84722401
-55.14644112 -55.14644112 -55.14644112 -55.14644112 -55.14644112
-49.38264246 -49.38264246 -49.38264246 -49.38264246 -49.38264246
-45.23145785 -45.23145785 -45.23145785 -45.23145785 -45.23145785
-49.87780267 -49.87780267 -49.87780267 -49.87780267 -49.87780267
-66.71845449 -66.71845449 -66.71845449 -66.71845449 -66.71845449
-70.99660849 -70.99660849 -70.99660849 -70.99660849 -70.99660849
-55.07696996 -55.07696996 -55.07696996 -55.07696996 -55.07696996
-62.64239196 -62.64239196 -62.64239196 -62.64239196 -62.64239196
-50.87648734 -50.87648734 -50.87648734 -50.87648734 -50.87648734
-59.15719876 -59.15719876 -59.15719876 -59.15719876 -59.15719876
-54.17846411 -54.17846411 -54.17846411 -54.17846411 -54.17846411
-51.25919267 -51.25919267 -51.25919267 -51.25919267 -51.25919267
-77.36665270 -77.36665270 -77.36665270 -77.36665270 -77.36665270
-61.66223194 -61.66223194 -61.66223194 -61.66223194 -61.66223194
-70.49021737 -70.49021737 -70.49021737 -70.49021737 -70.49021737
-52.40161083 -52.40161083 -52.40161083 -52.40161083 -52.40161083
-57.83854498 -57.83854498 -57.83854498 -57.83854498 -57.83854498
-47.46098943 -47.46098943 -47.46098943 -47.46098943 -47.46098943
-42.94737276 -42.94737276 -42.94737276 -42.94737276 -42.94737276
-51.72717097 -51.72717097 -51.72717097 -51.72717097 -51.72717097
-63.76683794 -63.76683794 -63.76683794 -63.76683794 -63.76683794
-56.18468266 -56.18468266 -56.18468266 -56.18468266 -56.18468266
-68.94846357 -68.94846357 -68.94846357 -68.94846357 -68.94846357
-49.96560795 -49.96560795 -49.96560795 -49.96560795 -49.96560795
-45.94480831 -45.94480831 -45.94480831 -45.94480831 -45.94480831
-58.23310344 -58.23310344 -58.23310344 -58.23310344 -58.23310344
-75.30296262 -75.30296262 -75.30296262 -75.30296262 -75.30296262
-50.23632044 -50.23632044 -50.23632044 -50.23632044 -50.23632044
-60.73697802 -60.73697802 -60.73697802 -60.73697802 -60.73697802
-54.16316822 -54.16316822 -54.16316822 -54.16316822 -54.16316822
-67.37239811 -67.37239811 -67.37239811 -67.37239811 -67.37239811
-44.63576602 -44.63576602 -44.63576602 -44.63576602 -44.63576602
-45.92072195 -45.92072195 -45.92072195 -45.92072195 -45.92072195
-53.48345804 -53.48345804 -53.48345804 -53.48345804 -53.48345804
-46.80304608 -46.80304608 -46.80304608 -46.80304608 -46.80304608
-63.67907846 -63.67907846 -63.67907846 -63.67907846 -63.67907846
-66.31608650 -66.31608650 -66.31608650 -66.31608650 -66.31608650
-66.92195483 -66.92195483 -66.92195483 -66.92195483 -66.92195483
-42.80656076 -42.80656076 -42.80656076 -42.80656076 -42.80656076
-69.23545697 -69.23545697 -69.23545697 -69.23545697 -69.23545697
-44.21104067 -44.21104067 -44.21104067 -44.21104067 -44.21104067
-60.62041905 -60.62041905 -60.62041905 -60.62041905 -60.62041905
-56.96143487 -56.96143487 -56.96143487 -56.96143487 -56.96143487
-47.30808676 -47.30808676 -47.30808676 -47.30808676 -47.30808676
-55.86833640 -55.86833640 -55.86833640 -55.86833640 -55.86833640
-33.68018094 -33.68018094 -33.68018094 -33.68018094 -33.68018094
-47.15916161 -47.15916161 -47.15916161 -47.15916161 -47.15916161
-68.23857432 -68.23857432 -68.23857432 -68.23857432 -68.23857432
-62.10237789 -62.10237789 -62.10237789 -62.10237789 -62.10237789
-69.87383927 -69.87383927 -69.87383927 -69.87383927 -69.87383927
-62.13869101 -62.13869101 -62.13869101 -62.13869101 -62.13869101
-56.47120487 -56.47120487 -56.47120487 -56.47120487 -56.47120487
-57.16946122 -57.16946122 -57.16946122 -57.16946122 -57.16946122
-68.01709797 -68.01709797 -68.01709797 -68.01709797 -68.01709797
-62.56342889 -62.56342889 -62.56342889 -62.56342889 -62.56342889
-56.86699304 -56.86699304 -56.86699304 -56.86699304 -56.86699304
-49.69876384 -49.69876384 -49.69876384 -49.69876384 -49.69876384
-48.81791089 -48.81791089 -48.81791089 -48.81791089 -48.81791089
-44.43818463 -44.43818463 -44.43818463 -44.43818463 -44.43818463
-61.94913588 -61.94913588 -61.94913588 -61.94913588 -61.94913588
-73.63520754 -73.63520754 -73.63520754 -73.63520754 -73.63520754
-55.28717572 -55.28717572 -55.28717572 -55.28717572 -55.28717572
-63.24064387 -63.24064387 -63.24064387 -63.24064387 -63.24064387
-48.27153876 -48.27153876 -48.27153876 -48.27153876 -48.27153876
-70.48466775 -70.48466775 -70.48466775 -70.48466775 -70.48466775
-57.12293668 -57.12293668 -57.12293668 -57.12293668 -57.12293668
-45.71818811 -45.71818811 -45.71818811 -45.71818811 -45.71818811
-60.50728206 -60.50728206 -60.50728206 -60.50728206 -60.50728206
-49.89722223 -49.89722223 -49.89722223 -49.89722223 -49.89722223
-55.18123882 -55.18123882 -55.18123882 -55.18123882 -55.18123882
-59.83532288 -59.83532288 -59.83532288 -59.83532288 -59.83532288
-46.18151572 -46.18151572 -46.18151572 -46.18151572 -46.18151572
-56.22881027 -56.22881027 -56.22881027 -56.22881027 -56.22881027
-54.81673438 -54.81673438 -54.81673438 -54.81673438 -54.81673438
-56.63086445 -56.63086445 -56.63086445 -56.63086445 -56.63086445
-53.32216284 -53.32216284 -53.32216284 -53.32216284 -53.32216284
-52.31165801 -52.31165801 -52.31165801 -52.31165801 -52.31165801
-50.52865036 -50.52865036 -50.52865036 -50.52865036 -50.52865036
-52.53667519 -52.53667519 -52.53667519 -52.53667519 -52.53667519
-58.55746224 -58.55746224 -58.55746224 -58.55746224 -58.55746224
-55.37997599 -55.37997599 -55.37997599 -55.37997599 -55.37997599
-48.88311381 -48.88311381 -48.88311381 -48.88311381 -48.88311381
-74.92746259 -74.92746259 -74.92746259 -74.92746259 -74.92746259
-60.04903083 -60.04903083 -60.04903083 -60.04903083 -60.04903083
-68.34925300 -68.34925300 -68.34925300 -68.34925300 -68.34925300
-72.44217548 -72.44217548 -72.44217548 -72.44217548 -72.44217548
-46.80045860 -46.80045860 -46.80045860 -46.80045860 -46.80045860
-48.04812329 -48.04812329 -48.04812329 -48.04812329 -48.04812329
-48.36078149 -48.36078149 -48.36078149 -48.36078149 -48.36078149
-43.68266266 -43.68266266 -43.68266266 -43.68266266 -43.68266266
-60.92779167 -60.92779167 -60.92779167 -60.92779167 -60.92779167
-50.21644907 -50.21644907 -50.21644907 -50.21644907 -50.21644907
-48.48208619 -48.48208619 -48.48208619 -48.48208619 -48.48208619
-58.44646030 -58.44646030 -58.44646030 -58.44646030 -58.44646030
-48.92845994 -48.92845994 -48.92845994 -48.92845994 -48.92845994
-67.57347788 -67.57347788 -67.57347788 -67.57347788 -67.57347788
-60.20231002 -60.20231002 -60.20231002 -60.20231002 -60.20231002
-54.57780989 -54.57780989 -54.57780989 -54.57780989 -54.57780989
-53.46960902 -53.46960902 -53.46960902 -53.46960902 -53.46960902
-48.27525433 -48.27525433 -48.27525433 -48.27525433 -48.27525433
-47.78395685 -47.78395685 -47.78395685 -47.78395685 -47.78395685
-64.72166357 -64.72166357 -64.72166357 -64.72166357 -64.72166357
-49.13553597 -49.13553597 -49.13553597 -49.13553597 -49.13553597
-55.72085615 -55.72085615 -55.72085615 -55.72085615 -55.72085615
-47.45982027 -47.45982027 -47.45982027 -47.45982027 -47.45982027
-53.28281750 -53.28281750 -53.28281750 -53.28281750 -53.28281750
-50.99116579 -50.99116579 -50.99116579 -50.99116579 -50.99116579
-56.97429553 -56.97429553 -56.97429553 -56.97429553 -56.97429553
-49.37749609 -49.37749609 -49.37749609 -49.37749609 -49.37749609
-70.33622348 -70.33622348 -70.33622348 -70.33622348 -70.33622348
-65.30387954 -65.30387954 -65.30387954 -65.30387954 -65.30387954
-46.92714603 -46.92714603 -46.92714603 -46.92714603 -46.92714603
-53.85624569 -53.85624569 -53.85624569 -53.85624569 -53.85624569
-51.17986419 -51.17986419 -51.17986419 -51.17986419 -51.17986419
-54.81614282 -54.81614282 -54.81614282 -54.81614282 -54.81614282
-42.51236853 -42.51236853 -42.51236853 -42.51236853 -42.51236853
-49.32772468 -49.32772468 -49.32772468 -49.32772468 -49.32772468
-58.25322588 -58.25322588 -58.25322588 -58.25322588 -58.25322588
-58.16924151 -58.16924151 -58.16924151 -58.16924151 -58.16924151
-48.72270053 -48.72270053 -48.72270053 -48.72270053 -48.72270053
-56.11079543 -56.11079543 -56.11079543 -56.11079543 -56.11079543
-53.32582268 -53.32582268 -53.32582268 -53.32582268 -53.32582268
-51.57580072 -51.57580072 -51.57580072 -51.57580072 -51.57580072
-47.92504927 -47.92504927 -47.92504927 -47.92504927 -47.92504927
-61.60383664 -61.60383664 -61.60383664 -61.60383664 -61.60383664
-44.58647851 -44.58647851 -44.58647851 -44.58647851 -44.58647851
-58.21455282 -58.21455282 -58.21455282 -58.21455282 -58.21455282
-60.84405960 -60.84405960 -60.84405960 -60.84405960 -60.84405960
-50.25208428 -50.25208428 -50.25208428 -50.25208428 -50.25208428
-63.72258297 -63.72258297 -63.72258297 -63.72258297 -63.72258297
-66.13210968 -66.13210968 -66.13210968 -66.13210968 -66.13210968
-59.74816286 -59.74816286 -59.74816286 -59.74816286 -59.74816286
-57.77712706 -57.77712706 -57.77712706 -57.77712706 -57.77712706
-54.50485043 -54.50485043 -54.50485043 -54.50485043 -54.50485043
-63.22716030 -63.22716030 -63.22716030 -63.22716030 -63.22716030
-49.66247561 -49.66247561 -49.66247561 -49.66247561 -49.66247561
-42.28612683 -42.28612683 -42.28612683 -42.28612683 -42.28612683
-48.73241408 -48.73241408 -48.73241408 -48.73241408 -48.73241408
-51.29287279 -51.29287279 -51.29287279 -51.29287279 -51.29287279
-63.85476883 -63.85476883 -63.85476883 -63.85476883 -63.85476883
-73.31163176 -73.31163176 -73.31163176 -73.31163176 -73.31163176
-57.58280026 -57.58280026 -57.58280026 -57.58280026 -57.58280026
-50.28239440 -50.28239440 -50.28239440 -50.28239440 -50.28239440
-59.88675481 -59.88675481 -59.88675481 -59.88675481 -59.88675481
-48.96966343 -48.96966343 -48.96966343 -48.96966343 -48.96966343
-62.12724639 -62.12724639 -62.12724639 -62.12724639 -62.12724639
-49.60311287 -49.60311287 -49.60311287 -49.60311287 -49.60311287
-65.83431722 -65.83431722 -65.83431722 -65.83431722 -65.83431722
-52.67141510 -52.67141510 -52.67141510 -52.67141510 -52.67141510
-52.17990513 -52.17990513 -52.17990513 -52.17990513 -52.17990513
-67.46722850 -67.46722850 -67.46722850 -67.46722850 -67.46722850
-42.99768232 -42.99768232 -42.99768232 -42.99768232 -42.99768232
-47.16953108 -47.16953108 -47.16953108 -47.16953108 -47.16953108
-54.19352428 -54.19352428 -54.19352428 -54.19352428 -54.19352428
-44.99155666 -44.99155666 -44.99155666 -44.99155666 -44.99155666
-45.88904401 -45.88904401 -45.88904401 -45.88904401 -45.88904401
-64.71812506 -64.71812506 -64.71812506 -64.71812506 -64.71812506
-47.89933746 -47.89933746 -47.89933746 -47.89933746 -47.89933746
-57.32611774 -57.32611774 -57.32611774 -57.32611774 -57.32611774
-48.85004050 -48.85004050 -48.85004050 -48.85004050 -48.85004050
-54.22081366 -54.22081366 -54.22081366 -54.22081366 -54.22081366
-51.66972437 -51.66972437 -51.66972437 -51.66972437 -51.66972437
-49.86978220 -49.86978220 -49.86978220 -49.86978220 -49.86978220
-49.99776355 -49.99776355 -49.99776355 -49.99776355 -49.99776355
-55.73693038 -55.73693038 -55.73693038 -55.73693038 -55.73693038
-51.95790011 -51.95790011 -51.95790011 -51.95790011 -51.95790011
-51.32177198 -51.32177198 -51.32177198 -51.32177198 -51.32177198
-52.96567112 -52.96567112 -52.96567112 -52.96567112 -52.96567112
-67.45903160 -67.45903160 -67.45903160 -67.45903160 -67.45903160
-52.05884423 -52.05884423 -52.05884423 -52.05884423 -52.05884423
-37.67149678 -37.67149678 -37.67149678 -37.67149678 -37.67149678
-69.79727015 -69.79727015 -69.79727015 -69.79727015 -69.79727015
-52.71603685 -52.71603685 -52.71603685 -52.71603685 -52.71603685
-44.85279457 -44.85279457 -44.85279457 -44.85279457 -44.85279457
-57.80455908 -57.80455908 -57.80455908 -57.80455908 -57.80455908
-45.12923265 -45.12923265 -45.12923265 -45.12923265 -45.12923265
-58.88145450 -58.88145450 -58.88145450 -58.88145450 -58.88145450
-52.03918067 -52.03918067 -52.03918067 -52.03918067 -52.03918067
-73.47739312 -73.47739312 -73.47739312 -73.47739312 -73.47739312
-62.22769030 -62.22769030 -62.22769030 -62.22769030 -62.22769030
-47.08045876 -47.08045876 -47.08045876 -47.08045876 -47.08045876
-46.38665522 -46.38665522 -46.38665522 -46.38665522 -46.38665522
-59.92314919 -59.92314919 -59.92314919 -59.92314919 -59.92314919
-69.65579740 -69.65579740 -69.65579740 -69.65579740 -69.65579740
-47.20293217 -47.20293217 -47.20293217 -47.20293217 -47.20293217
-67.52648279 -67.52648279 -67.52648279 -67.52648279 -67.52648279
-55.28580639 -55.28580639 -55.28580639 -55.28580639 -55.28580639
-47.67030228 -47.67030228 -47.67030228 -47.67030228 -47.67030228
-55.12529450 -55.12529450 -55.12529450 -55.12529450 -55.12529450
-61.39697697 -61.39697697 -61.39697697 -61.39697697 -61.39697697
-53.68363157 -53.68363157 -53.68363157 -53.68363157 -53.68363157
-60.89013429 -60.89013429 -60.89013429 -60.89013429 -60.89013429
-56.02974504 -56.02974504 -56.02974504 -56.02974504 -56.02974504
-58.35877095 -58.35877095 -58.35877095 -58.35877095 -58.35877095
-60.94591814 -60.94591814 -60.94591814 -60.94591814 -60.94591814
-50.33348755 -50.33348755 -50.33348755 -50.33348755 -50.33348755
-58.94373376 -58.94373376 -58.94373376 -58.94373376 -58.94373376
-61.78896547 -61.78896547 -61.78896547 -61.78896547 -61.78896547
-59.64054741 -59.64054741 -59.64054741 -59.64054741 -59.64054741
-53.36123790 -53.36123790 -53.36123790 -53.36123790 -53.36123790
-53.82773145 -53.82773145 -53.82773145 -53.82773145 -53.82773145
-72.10470209 -72.10470209 -72.10470209 -72.10470209 -72.10470209
-56.67308411 -56.67308411 -56.67308411 -56.67308411 -56.67308411
-78.62227449 -78.62227449 -78.62227449 -78.62227449 -78.62227449
-46.05820262 -46.05820262 -46.05820262 -46.05820262 -46.05820262
-61.79568446 -61.79568446 -61.79568446 -61.79568446 -61.79568446
-76.24742309 -76.24742309 -76.24742309 -76.24742309 -76.24742309
-51.02714417 -51.02714417 -51.02714417 -51.02714417 -51.02714417
-44.47573358 -44.47573358 -44.47573358 -44.47573358 -44.47573358
-56.07863927 -56.07863927 -56.07863927 -56.07863927 -56.07863927
-50.84681295 -50.84681295 -50.84681295 -50.84681295 -50.84681295
-47.38929010 -47.38929010 -47.38929010 -47.38929010 -47.38929010
-68.63850875 -68.63850875 -68.63850875 -68.63850875 -68.63850875
-46.23689395 -46.23689395 -46.23689395 -46.23689395 -46.23689395
-51.50138217 -51.50138217 -51.50138217 -51.50138217 -51.50138217
-50.03322246 -50.03322246 -50.03322246 -50.03322246 -50.03322246
-52.82731462 -52.82731462 -52.82731462 -52.82731462 -52.82731462
-65.79692275 -65.79692275 -65.79692275 -65.79692275 -65.79692275
-51.61997950 -51.61997950 -51.61997950 -51.61997950 -51.61997950
-70.29103900 -70.29103900 -70.29103900 -70.29103900 -70.29103900
-53.09781796 -53.09781796 -53.09781796 -53.09781796 -53.09781796
-47.56997079 -47.56997079 -47.56997079 -47.56997079 -47.56997079
-50.48042500 -50.48042500 -50.48042500 -50.48042500 -50.48042500
-51.20447646 -51.20447646 -51.20447646 -51.20447646 -51.20447646
-62.59989094 -62.59989094 -62.59989094 -62.59989094 -62.59989094
-48.67607094 -48.67607094 -48.67607094 -48.67607094 -48.67607094
-45.09849478 -45.09849478 -45.09849478 -45.09849478 -45.09849478
-47.68890067 -47.68890067 -47.68890067 -47.68890067 -47.68890067
-55.36772107 -55.36772107 -55.36772107 -55.36772107 -55.36772107
-60.22236073 -60.22236073 -60.22236073 -60.22236073 -60.22236073
-46.09799247 -46.09799247 -46.09799247 -46.09799247 -46.09799247
-54.44319438 -54.44319438 -54.44319438 -54.44319438 -54.44319438
-58.78915144 -58.78915144 -58.78915144 -58.78915144 -58.78915144
-51.37003252 -51.37003252 -51.37003252 -51.37003252 -51.37003252
-67.50750676 -67.50750676 -67.50750676 -67.50750676 -67.50750676
-61.91847347 -61.91847347 -61.91847347 -61.91847347 -61.91847347
-76.02863503 -76.02863503 -76.02863503 -76.02863503 -76.02863503
-75.10965725 -75.10965725 -75.10965725 -75.10965725 -75.10965725
-48.57499088 -48.57499088 -48.57499088 -48.57499088 -48.57499088
-60.70104270 -60.70104270 -60.70104270 -60.70104270 -60.70104270
-71.67707774 -71.67707774 -71.67707774 -71.67707774 -71.67707774
-51.77654124 -51.77654124 -51.77654124 -51.77654124 -51.77654124
-61.01715865 -61.01715865 -61.01715865 -61.01715865 -61.01715865
-53.65286151 -53.65286151 -53.65286151 -53.65286151 -53.65286151
-66.86670590 -66.86670590 -66.86670590 -66.86670590 -66.86670590
-48.65792567 -48.65792567 -48.65792567 -48.65792567 -48.65792567
-50.00493440 -50.00493440 -50.00493440 -50.00493440 -50.00493440
-49.11899241 -49.11899241 -49.11899241 -49.11899241 -49.11899241
-57.05395506 -57.05395506 -57.05395506 -57.05395506 -57.05395506
-65.35581455 -65.35581455 -65.35581455 -65.35581455 -65.35581455
-59.95337170 -59.95337170 -59.95337170 -59.95337170 -59.95337170
-59.11922856 -59.11922856 -59.11922856 -59.11922856 -59.11922856
-72.17346874 -72.17346874 -72.17346874 -72.17346874 -72.17346874
-46.59204415 -46.59204415 -46.59204415 -46.59204415 -46.59204415
-66.59850622 -66.59850622 -66.59850622 -66.59850622 -66.59850622
-55.05816982 -55.05816982 -55.05816982 -55.05816982 -55.05816982
-57.58131232 -57.58131232 -57.58131232 -57.58131232 -57.58131232
-51.87458763 -51.87458763 -51.87458763 -51.87458763 -51.87458763
-54.99917266 -54.99917266 -54.99917266 -54.99917266 -54.99917266
-61.34759768 -61.34759768 -61.34759768 -61.34759768 -61.34759768
-50.57014756 -50.57014756 -50.57014756 -50.57014756 -50.57014756
-67.15438482 -67.15438482 -67.15438482 -67.15438482 -67.15438482
-52.29377919 -52.29377919 -52.29377919 -52.29377919 -52.29377919
-52.39586881 -52.39586881 -52.39586881 -52.39586881 -52.39586881
-53.66827952 -53.66827952 -53.66827952 -53.66827952 -53.66827952
-60.92074272 -60.92074272 -60.92074272 -60.92074272 -60.92074272
-55.10584080 -55.10584080 -55.10584080 -55.10584080 -55.10584080
-51.98294017 -51.98294017 -51.98294017 -51.98294017 -51.98294017
-51.55019597 -51.55019597 -51.55019597 -51.55019597 -51.55019597
-50.08706487 -50.08706487 -50.08706487 -50.08706487 -50.08706487
-41.38444592 -41.38444592 -41.38444592 -41.38444592 -41.38444592
-50.56328526 -50.56328526 -50.56328526 -50.56328526 -50.56328526
-48.35257295 -48.35257295 -48.35257295 -48.35257295 -48.35257295
-69.13908195 -69.13908195 -69.13908195 -69.13908195 -69.13908195
-45.76252292 -45.76252292 -45.76252292 -45.76252292 -45.76252292
-52.25983006 -52.25983006 -52.25983006 -52.25983006 -52.25983006
-57.49358872 -57.49358872 -57.49358872 -57.49358872 -57.49358872
-62.81682984 -62.81682984 -62.81682984 -62.81682984 -62.81682984
-45.79263366 -45.79263366 -45.79263366 -45.79263366 -45.79263366
-63.90784801 -63.90784801 -63.90784801 -63.90784801 -63.90784801
-56.53052891 -56.53052891 -56.53052891 -56.53052891 -56.53052891
-46.02472578 -46.02472578 -46.02472578 -46.02472578 -46.02472578
-49.21814973 -49.21814973 -49.21814973 -49.21814973 -49.21814973
-48.65675839 -48.65675839 -48.65675839 -48.65675839 -48.65675839
-59.17038442 -59.17038442 -59.17038442 -59.17038442 -59.17038442
-45.75228458 -45.75228458 -45.75228458 -45.75228458 -45.75228458
-49.36452096 -49.36452096 -49.36452096 -49.36452096 -49.36452096
-55.23385332 -55.23385332 -55.23385332 -55.23385332 -55.23385332
-61.45799200 -61.45799200 -61.45799200 -61.45799200 -61.45799200
-51.42453727 -51.42453727 -51.42453727 -51.42453727 -51.42453727
-53.11533652 -53.11533652 -53.11533652 -53.11533652 -53.11533652
-45.57366179 -45.57366179 -45.57366179 -45.57366179 -45.57366179
-46.26944303 -46.26944303 -46.26944303 -46.26944303 -46.26944303
-54.32896075 -54.32896075 -54.32896075 -54.32896075 -54.32896075
-49.45218983 -49.45218983 -49.45218983 -49.45218983 -49.45218983
-63.00573960 -63.00573960 -63.00573960 -63.00573960 -63.00573960
-62.98129030 -62.98129030 -62.98129030 -62.98129030 -62.98129030
-47.44736450 -47.44736450 -47.44736450 -47.44736450 -47.44736450
-54.37882851 -54.37882851 -54.37882851 -54.37882851 -54.37882851
-56.41880507 -56.41880507 -56.41880507 -56.41880507 -56.41880507
-50.35829183 -50.35829183 -50.35829183 -50.35829183 -50.35829183
-60.50905277 -60.50905277 -60.50905277 -60.50905277 -60.50905277
-51.15144730 -51.15144730 -51.15144730 -51.15144730 -51.15144730
-58.52346733 -58.52346733 -58.52346733 -58.52346733 -58.52346733
-45.30544753 -45.30544753 -45.30544753 -45.30544753 -45.30544753
-54.20935496 -54.20935496 -54.20935496 -54.20935496 -54.20935496
-71.22321150 -71.22321150 -71.22321150 -71.22321150 -71.22321150
-52.48043258 -52.48043258 -52.48043258 -52.48043258 -52.48043258
-71.62419720 -71.62419720 -71.62419720 -71.62419720 -71.62419720
-52.57127123 -52.57127123 -52.57127123 -52.57127123 -52.57127123
-58.53810379 -58.53810379 -58.53810379 -58.53810379 -58.53810379
-48.32371657 -48.32371657 -48.32371657 -48.32371657 -48.32371657
-51.97991911 -51.97991911 -51.97991911 -51.97991911 -51.97991911
-55.81747998 -55.81747998 -55.81747998 -55.81747998 -55.81747998
-65.37108500 -65.37108500 -65.37108500 -65.37108500 -65.37108500
-67.40713693 -67.40713693 -67.40713693 -67.40713693 -67.40713693
-51.33864184 -51.33864184 -51.33864184 -51.33864184 -51.33864184
-49.38001562 -49.38001562 -49.38001562 -49.38001562 -49.38001562
-60.34792484 -60.34792484 -60.34792484 -60.34792484 -60.34792484
-56.05841544 -56.05841544 -56.05841544 -56.05841544 -56.05841544
-48.31598901 -48.31598901 -48.31598901 -48.31598901 -48.31598901
-50.45754038 -50.45754038 -50.45754038 -50.45754038 -50.45754038
-52.20426565 -52.20426565 -52.20426565 -52.20426565 -52.20426565
-52.36897896 -52.36897896 -52.36897896 -52.36897896 -52.36897896
-50.01205124 -50.01205124 -50.01205124 -50.01205124 -50.01205124
-54.50271054 -54.50271054 -54.50271054 -54.50271054 -54.50271054
-53.92366865 -53.92366865 -53.92366865 -53.92366865 -53.92366865
-57.04905984 -57.04905984 -57.04905984 -57.04905984 -57.04905984
-54.72072936 -54.72072936 -54.72072936 -54.72072936 -54.72072936
-70.22397626 -70.22397626 -70.22397626 -70.22397626 -70.22397626
-59.21328131 -59.21328131 -59.21328131 -59.21328131 -59.21328131
-54.81605093 -54.81605093 -54.81605093 -54.81605093 -54.81605093
-45.91661588 -45.91661588 -45.91661588 -45.91661588 -45.91661588
-45.76923829 -45.76923829 -45.76923829 -45.76923829 -45.76923829
-47.80308513 -47.80308513 -47.80308513 -47.80308513 -47.80308513
-59.11752304 -59.11752304 -59.11752304 -59.11752304 -59.11752304
-67.53905012 -67.53905012 -67.53905012 -67.53905012 -67.53905012
-43.94538493 -43.94538493 -43.94538493 -43.94538493 -43.94538493
-54.03076577 -54.03076577 -54.03076577 -54.03076577 -54.03076577
-50.81851011 -50.81851011 -50.81851011 -50.81851011 -50.81851011
-54.78724011 -54.78724011 -54.78724011 -54.78724011 -54.78724011
-51.01188629 -51.01188629 -51.01188629 -51.01188629 -51.01188629
-53.70017648 -53.70017648 -53.70017648 -53.70017648 -53.70017648
-52.06081809 -52.06081809 -52.06081809 -52.06081809 -52.06081809
-55.59657681 -55.59657681 -55.59657681 -55.59657681 -55.59657681
-57.61088736 -57.61088736 -57.61088736 -57.61088736 -57.61088736
-56.44668363 -56.44668363 -56.44668363 -56.44668363 -56.44668363
-63.47173945 -63.47173945 -63.47173945 -63.47173945 -63.47173945
-51.17207055 -51.17207055 -51.17207055 -51.17207055 -51.17207055
-48.70089238 -48.70089238 -48.70089238 -48.70089238 -48.70089238
-46.42775989 -46.42775989 -46.42775989 -46.42775989 -46.42775989
-50.30741633 -50.30741633 -50.30741633 -50.30741633 -50.30741633
-52.02382130 -52.02382130 -52.02382130 -52.02382130 -52.02382130
-46.97032487 -46.97032487 -46.97032487 -46.97032487 -46.97032487
-38.05204579 -38.05204579 -38.05204579 -38.05204579 -38.05204579
-45.72865875 -45.72865875 -45.72865875 -45.72865875 -45.72865875
-50.09160455 -50.09160455 -50.09160455 -50.09160455 -50.09160455
-63.20790921 -63.20790921 -63.20790921 -63.20790921 -63.20790921
-58.48716917 -58.48716917 -58.48716917 -58.48716917 -58.48716917
-58.48848459 -58.48848459 -58.48848459 -58.48848459 -58.48848459
-57.35636359 -57.35636359 -57.35636359 -57.35636359 -57.35636359
-68.79956228 -68.79956228 -68.79956228 -68.79956228 -68.79956228
-53.94545174 -53.94545174 -53.94545174 -53.94545174 -53.94545174
-54.26945213 -54.26945213 -54.26945213 -54.26945213 -54.26945213
-67.07728205 -67.07728205 -67.07728205 -67.07728205 -67.07728205
-54.87214541 -54.87214541 -54.87214541 -54.87214541 -54.87214541
-64.95770107 -64.95770107 -64.95770107 -64.95770107 -64.95770107
-52.50026041 -52.50026041 -52.50026041 -52.50026041 -52.50026041
-49.47752264 -49.47752264 -49.47752264 -49.47752264 -49.47752264
-52.29425348 -52.29425348 -52.29425348 -52.29425348 -52.29425348
-56.22090902 -56.22090902 -56.22090902 -56.22090902 -56.22090902
-68.68326701 -68.68326701 -68.68326701 -68.68326701 -68.68326701
-59.65615428 -59.65615428 -59.65615428 -59.65615428 -59.65615428
-57.45114736 -57.45114736 -57.45114736 -57.45114736 -57.45114736
-47.90960657 -47.90960657 -47.90960657 -47.90960657 -47.90960657
-59.78411578 -59.78411578 -59.78411578 -59.78411578 -59.78411578
-72.37244991 -72.37244991 -72.37244991 -72.37244991 -72.37244991
-59.71155076 -59.71155076 -59.71155076 -59.71155076 -59.71155076
-50.49475245 -50.49475245 -50.49475245 -50.49475245 -50.49475245
-51.95563655 -51.95563655 -51.95563655 -51.95563655 -51.95563655
-61.18984821 -61.18984821 -61.18984821 -61.18984821 -61.18984821
-50.24060532 -50.24060532 -50.24060532 -50.24060532 -50.24060532
-56.64276248 -56.64276248 -56.64276248 -56.64276248 -56.64276248
-39.70270756 -39.70270756 -39.70270756 -39.70270756 -39.70270756
-42.83477871 -42.83477871 -42.83477871 -42.83477871 -42.83477871
-62.60350324 -62.60350324 -62.60350324 -62.60350324 -62.60350324
-49.33088638 -49.33088638 -49.33088638 -49.33088638 -49.33088638
-57.14929397 -57.14929397 -57.14929397 -57.14929397 -57.14929397
-51.61669358 -51.61669358 -51.61669358 -51.61669358 -51.61669358
-54.24117323 -54.24117323 -54.24117323 -54.24117323 -54.24117323
-41.55238909 -41.55238909 -41.55238909 -41.55238909 -41.55238909
-68.33075411 -68.33075411 -68.33075411 -68.33075411 -68.33075411
-53.97487115 -53.97487115 -53.97487115 -53.97487115 -53.97487115
-71.43625006 -71.43625006 -71.43625006 -71.43625006 -71.43625006
-60.95209373 -60.95209373 -60.95209373 -60.95209373 -60.95209373
-52.01250787 -52.01250787 -52.01250787 -52.01250787 -52.01250787
-50.67130601 -50.67130601 -50.67130601 -50.67130601 -50.67130601
-42.94969799 -42.94969799 -42.94969799 -42.94969799 -42.94969799
-61.20842952 -61.20842952 -61.20842952 -61.20842952 -61.20842952
-53.24742825 -53.24742825 -53.24742825 -53.24742825 -53.24742825
-68.51153814 -68.51153814 -68.51153814 -68.51153814 -68.51153814
-58.04482976 -58.04482976 -58.04482976 -58.04482976 -58.04482976
-60.66351219 -60.66351219 -60.66351219 -60.66351219 -60.66351219
-54.79356125 -54.79356125 -54.79356125 -54.79356125 -54.79356125
-57.92130045 -57.92130045 -57.92130045 -57.92130045 -57.92130045
-56.37680577 -56.37680577 -56.37680577 -56.37680577 -56.37680577
-55.11770669 -55.11770669 -55.11770669 -55.11770669 -55.11770669
-50.50804969 -50.50804969 -50.50804969 -50.50804969 -50.50804969
-57.44337038 -57.44337038 -57.44337038 -57.44337038 -57.44337038
-50.67652097 -50.67652097 -50.67652097 -50.67652097 -50.67652097
-58.69511862 -58.69511862 -58.69511862 -58.69511862 -58.69511862
-45.15625012 -45.15625012 -45.15625012 -45.15625012 -45.15625012
-63.43627455 -63.43627455 -63.43627455 -63.43627455 -63.43627455
-61.59158160 -61.59158160 -61.59158160 -61.59158160 -61.59158160
-56.97042776 -56.97042776 -56.97042776 -56.97042776 -56.97042776
-67.56507510 -67.56507510 -67.56507510 -67.56507510 -67.56507510
-51.83921304 -51.83921304 -51.83921304 -51.83921304 -51.83921304
-47.74025758 -47.74025758 -47.74025758 -47.74025758 -47.74025758
-48.17712359 -48.17712359 -48.17712359 -48.17712359 -48.17712359
-49.35829655 -49.35829655 -49.35829655 -49.35829655 -49.35829655
-52.62861996 -52.62861996 -52.62861996 -52.62861996 -52.62861996
-58.72360603 -58.72360603 -58.72360603 -58.72360603 -58.72360603
-57.85752815 -57.85752815 -57.85752815 -57.85752815 -57.85752815
-48.63408875 -48.63408875 -48.63408875 -48.63408875 -48.63408875
-49.88757476 -49.88757476 -49.88757476 -49.88757476 -49.88757476
-44.72337272 -44.72337272 -44.72337272 -44.72337272 -44.72337272
-54.70836250 -54.70836250 -54.70836250 -54.70836250 -54.70836250
-60.72833870 -60.72833870 -60.72833870 -60.72833870 -60.72833870
-62.10856525 -62.10856525 -62.10856525 -62.10856525 -62.10856525
-54.50880304 -54.50880304 -54.50880304 -54.50880304 -54.50880304
-58.57845187 -58.57845187 -58.57845187 -58.57845187 -58.57845187
-61.49067908 -61.49067908 -61.49067908 -61.49067908 -61.49067908
-63.70963300 -63.70963300 -63.70963300 -63.70963300 -63.70963300
-66.61586395 -66.61586395 -66.61586395 -66.61586395 -66.61586395
-41.75533473 -41.75533473 -41.75533473 -41.75533473 -41.75533473
-49.03415518 -49.03415518 -49.03415518 -49.03415518 -49.03415518
-53.14743340 -53.14743340 -53.14743340 -53.14743340 -53.14743340
-54.92057099 -54.92057099 -54.92057099 -54.92057099 -54.92057099
-57.92628078 -57.92628078 -57.92628078 -57.92628078 -57.92628078
-49.99189620 -49.99189620 -49.99189620 -49.99189620 -49.99189620
-49.43638254 -49.43638254 -49.43638254 -49.43638254 -49.43638254
-44.40878459 -44.40878459 -44.40878459 -44.40878459 -44.40878459
-62.57186128 -62.57186128 -62.57186128 -62.57186128 -62.57186128
-50.64577508 -50.64577508 -50.64577508 -50.64577508 -50.64577508
-51.41489683 -51.41489683 -51.41489683 -51.41489683 -51.41489683
-52.29686305 -52.29686305 -52.29686305 -52.29686305 -52.29686305
-51.17854503 -51.17854503 -51.17854503 -51.17854503 -51.17854503
-69.91847789 -69.91847789 -69.91847789 -69.91847789 -69.91847789
-68.68597251 -68.68597251 -68.68597251 -68.68597251 -68.68597251
-55.16428447 -55.16428447 -55.16428447 -55.16428447 -55.16428447
-51.88121974 -51.88121974 -51.88121974 -51.88121974 -51.88121974
-49.55707943 -49.55707943 -49.55707943 -49.55707943 -49.55707943
-55.01974609 -55.01974609 -55.01974609 -55.01974609 -55.01974609
-54.47025578 -54.47025578 -54.47025578 -54.47025578 -54.47025578
-62.39698529 -62.39698529 -62.39698529 -62.39698529 -62.39698529
-66.80186002 -66.80186002 -66.80186002 -66.80186002 -66.80186002
-61.61839853 -61.61839853 -61.61839853 -61.61839853 -61.61839853
-53.86803168 -53.86803168 -53.86803168 -53.86803168 -53.86803168
-48.29753482 -48.29753482 -48.29753482 -48.29753482 -48.29753482
-49.76685577 -49.76685577 -49.76685577 -49.76685577 -49.76685577
-73.36670595 -73.36670595 -73.36670595 -73.36670595 -73.36670595
-54.65790331 -54.65790331 -54.65790331 -54.65790331 -54.65790331
-52.70485853 -52.70485853 -52.70485853 -52.70485853 -52.70485853
-43.44569186 -43.44569186 -43.44569186 -43.44569186 -43.44569186
-49.10821293 -49.10821293 -49.10821293 -49.10821293 -49.10821293
-45.29387633 -45.29387633 -45.29387633 -45.29387633 -45.29387633
-59.89033345 -59.89033345 -59.89033345 -59.89033345 -59.89033345
-50.54663469 -50.54663469 -50.54663469 -50.54663469 -50.54663469
-65.31139164 -65.31139164 -65.31139164 -65.31139164 -65.31139164
-61.39600535 -61.39600535 -61.39600535 -61.39600535 -61.39600535
-49.44413477 -49.44413477 -49.44413477 -49.44413477 -49.44413477
-62.78058869 -62.78058869 -62.78058869 -62.78058869 -62.78058869
-50.38536047 -50.38536047 -50.38536047 -50.38536047 -50.38536047
-56.38667227 -56.38667227 -56.38667227 -56.38667227 -56.38667227
-48.65072207 -48.65072207 -48.65072207 -48.65072207 -48.65072207
-51.12332564 -51.12332564 -51.12332564 -51.12332564 -51.12332564
-68.19021929 -68.19021929 -68.19021929 -68.19021929 -68.19021929
-62.36119489 -62.36119489 -62.36119489 -62.36119489 -62.36119489
-55.39077807 -55.39077807 -55.39077807 -55.39077807 -55.39077807
-61.95337567 -61.95337567 -61.95337567 -61.95337567 -61.95337567
-57.82497378 -57.82497378 -57.82497378 -57.82497378 -57.82497378
-58.82677897 -58.82677897 -58.82677897 -58.82677897 -58.82677897
-51.09283576 -51.09283576 -51.09283576 -51.09283576 -51.09283576
-69.21244984 -69.21244984 -69.21244984 -69.21244984 -69.21244984
-53.36938572 -53.36938572 -53.36938572 -53.36938572 -53.36938572
-71.98919401 -71.98919401 -71.98919401 -71.98919401 -71.98919401
-49.40421178 -49.40421178 -49.40421178 -49.40421178 -49.40421178
-49.27560531 -49.27560531 -49.27560531 -49.27560531 -49.27560531
-44.92007858 -44.92007858 -44.92007858 -44.92007858 -44.92007858
-46.96634102 -46.96634102 -46.96634102 -46.96634102 -46.96634102
-64.02512855 -64.02512855 -64.02512855 -64.02512855 -64.02512855
-43.48720647 -43.48720647 -43.48720647 -43.48720647 -43.48720647
-47.89646485 -47.89646485 -47.89646485 -47.89646485 -47.89646485
-48.96548601 -48.96548601 -48.96548601 -48.96548601 -48.96548601
-46.41590657 -46.41590657 -46.41590657 -46.41590657 -46.41590657
-71.00423882 -71.00423882 -71.00423882 -71.00423882 -71.00423882
-45.70477800 -45.70477800 -45.70477800 -45.70477800 -45.70477800
-53.52497278 -53.52497278 -53.52497278 -53.52497278 -53.52497278
-54.42652700 -54.42652700 -54.42652700 -54.42652700 -54.42652700
-50.85229248 -50.85229248 -50.85229248 -50.85229248 -50.85229248
-52.63785991 -52.63785991 -52.63785991 -52.63785991 -52.63785991
-71.04602794 -71.04602794 -71.04602794 -71.04602794 -71.04602794
-53.19407251 -53.19407251 -53.19407251 -53.19407251 -53.19407251
-55.23697293 -55.23697293 -55.23697293 -55.23697293 -55.23697293
-52.89289472 -52.89289472 -52.89289472 -52.89289472 -52.89289472
-44.67994386 -44.67994386 -44.67994386 -44.67994386 -44.67994386
-61.22239989 -61.22239989 -61.22239989 -61.22239989 -61.22239989
-63.18911227 -63.18911227 -63.18911227 -63.18911227 -63.18911227
-50.43309156 -50.43309156 -50.43309156 -50.43309156 -50.43309156
-46.57217844 -46.57217844 -46.57217844 -46.57217844 -46.57217844
-52.43120997 -52.43120997 -52.43120997 -52.43120997 -52.43120997
-62.20427496 -62.20427496 -62.20427496 -62.20427496 -62.20427496
-53.30571468 -53.30571468 -53.30571468 -53.30571468 -53.30571468
-48.84424435 -48.84424435 -48.84424435 -48.84424435 -48.84424435
-55.53310135 -55.53310135 -55.53310135 -55.53310135 -55.53310135
-65.60384351 -65.60384351 -65.60384351 -65.60384351 -65.60384351
-73.80023633 -73.80023633 -73.80023633 -73.80023633 -73.80023633
-71.91852447 -71.91852447 -71.91852447 -71.91852447 -71.91852447
-50.47486672 -50.47486672 -50.47486672 -50.47486672 -50.47486672
-54.04516569 -54.04516569 -54.04516569 -54.04516569 -54.04516569
-52.07620726 -52.07620726 -52.07620726 -52.07620726 -52.07620726
-59.29722851 -59.29722851 -59.29722851 -59.29722851 -59.29722851
-51.70293261 -51.70293261 -51.70293261 -51.70293261 -51.70293261
-54.50325696 -54.50325696 -54.50325696 -54.50325696 -54.50325696
-63.96340322 -63.96340322 -63.96340322 -63.96340322 -63.96340322
-45.67004593 -45.67004593 -45.67004593 -45.67004593 -45.67004593
-58.50036025 -58.50036025 -58.50036025 -58.50036025 -58.50036025
-44.20569043 -44.20569043 -44.20569043 -44.20569043 -44.20569043
-49.88946540 -49.88946540 -49.88946540 -49.88946540 -49.88946540
-70.12489377 -70.12489377 -70.12489377 -70.12489377 -70.12489377
-46.95814449 -46.95814449 -46.95814449 -46.95814449 -46.95814449
-74.80341027 -74.80341027 -74.80341027 -74.80341027 -74.80341027
-52.74772982 -52.74772982 -52.74772982 -52.74772982 -52.74772982
-49.60538125 -49.60538125 -49.60538125 -49.60538125 -49.60538125
-52.96489197 -52.96489197 -52.96489197 -52.96489197 -52.96489197
-52.62255314 -52.62255314 -52.62255314 -52.62255314 -52.62255314
-57.69938619 -57.69938619 -57.69938619 -57.69938619 -57.69938619
-49.15589887 -49.15589887 -49.15589887 -49.15589887 -49.15589887
-53.43699076 -53.43699076 -53.43699076 -53.43699076 -53.43699076
-45.79466614 -45.79466614 -45.79466614 -45.79466614 -45.79466614
-53.46418708 -53.46418708 -53.46418708 -53.46418708 -53.46418708
-55.85435094 -55.85435094 -55.85435094 -55.85435094 -55.85435094
-58.17869749 -58.17869749 -58.17869749 -58.17869749 -58.17869749
-45.96509062 -45.96509062 -45.96509062 -45.96509062 -45.96509062
-60.93201555 -60.93201555 -60.93201555 -60.93201555 -60.93201555
-54.71081677 -54.71081677 -54.71081677 -54.71081677 -54.71081677
-52.17036230 -52.17036230 -52.17036230 -52.17036230 -52.17036230
-58.90149188 -58.90149188 -58.90149188 -58.90149188 -58.90149188
-49.14524679 -49.14524679 -49.14524679 -49.14524679 -49.14524679
-55.53499863 -55.53499863 -55.53499863 -55.53499863 -55.53499863
-70.56670972 -70.56670972 -70.56670972 -70.56670972 -70.56670972
-73.18206573 -73.18206573 -73.18206573 -73.18206573 -73.18206573
-52.17897377 -52.17897377 -52.17897377 -52.17897377 -52.17897377
-60.24459029 -60.24459029 -60.24459029 -60.24459029 -60.24459029
-69.52550022 -69.52550022 -69.52550022 -69.52550022 -69.52550022
-54.89101521 -54.89101521 -54.89101521 -54.89101521 -54.89101521
-66.24260275 -66.24260275 -66.24260275 -66.24260275 -66.24260275
-46.75624772 -46.75624772 -46.75624772 -46.75624772 -46.75624772
-59.99634169 -59.99634169 -59.99634169 -59.99634169 -59.99634169
-48.19498142 -48.19498142 -48.19498142 -48.19498142 -48.19498142
-57.70254355 -57.70254355 -57.70254355 -57.70254355 -57.70254355
-50.93069614 -50.93069614 -50.93069614 -50.93069614 -50.93069614
-45.69814730 -45.69814730 -45.69814730 -45.69814730 -45.69814730
-57.41106458 -57.41106458 -57.41106458 -57.41106458 -57.41106458
-45.92172871 -45.92172871 -45.92172871 -45.92172871 -45.92172871
-52.83916070 -52.83916070 -52.83916070 -52.83916070 -52.83916070
-49.68112575 -49.68112575 -49.68112575 -49.68112575 -49.68112575
-48.18090039 -48.18090039 -48.18090039 -48.18090039 -48.18090039
-43.97064402 -43.97064402 -43.97064402 -43.97064402 -43.97064402
-60.01020574 -60.01020574 -60.01020574 -60.01020574 -60.01020574
-65.75950711 -65.75950711 -65.75950711 -65.75950711 -65.75950711
-49.34245737 -49.34245737 -49.34245737 -49.34245737 -49.34245737
-72.42066113 -72.42066113 -72.42066113 -72.42066113 -72.42066113
-45.67278961 -45.67278961 -45.67278961 -45.67278961 -45.67278961
-50.35991387 -50.35991387 -50.35991387 -50.35991387 -50.35991387
-54.53509917 -54.53509917 -54.53509917 -54.53509917 -54.53509917
-50.93194958 -50.93194958 -50.93194958 -50.93194958 -50.93194958
-48.81846983 -48.81846983 -48.81846983 -48.81846983 -48.81846983
-60.26023502 -60.26023502 -60.26023502 -60.26023502 -60.26023502
-56.01584968 -56.01584968 -56.01584968 -56.01584968 -56.01584968
-51.66828559 -51.66828559 -51.66828559 -51.66828559 -51.66828559
-53.80413496 -53.80413496 -53.80413496 -53.80413496 -53.80413496
-70.13533302 -70.13533302 -70.13533302 -70.13533302 -70.13533302
-52.38268913 -52.38268913 -52.38268913 -52.38268913 -52.38268913
-66.22605129 -66.22605129 -66.22605129 -66.22605129 -66.22605129
-50.61091320 -50.61091320 -50.61091320 -50.61091320 -50.61091320
-66.20049174 -66.20049174 -66.20049174 -66.20049174 -66.20049174
-66.36682238 -66.36682238 -66.36682238 -66.36682238 -66.36682238
-60.14308478 -60.14308478 -60.14308478 -60.14308478 -60.14308478
-55.88555636 -55.88555636 -55.88555636 -55.88555636 -55.88555636
-47.60998742 -47.60998742 -47.60998742 -47.60998742 -47.60998742
-71.16368222 -71.16368222 -71.16368222 -71.16368222 -71.16368222
-45.36023225 -45.36023225 -45.36023225 -45.36023225 -45.36023225
-50.43906492 -50.43906492 -50.43906492 -50.43906492 -50.43906492
-46.81309453 -46.81309453 -46.81309453 -46.81309453 -46.81309453
-48.35087344 -48.35087344 -48.35087344 -48.35087344 -48.35087344
-52.72542456 -52.72542456 -52.72542456 -52.72542456 -52.72542456
-70.12279982 -70.12279982 -70.12279982 -70.12279982 -70.12279982
-49.53038586 -49.53038586 -49.53038586 -49.53038586 -49.53038586
-45.26100495 -45.26100495 -45.26100495 -45.26100495 -45.26100495
-55.34020417 -55.34020417 -55.34020417 -55.34020417 -55.34020417
-76.34661390 -76.34661390 -76.34661390 -76.34661390 -76.34661390
-70.65910042 -70.65910042 -70.65910042 -70.65910042 -70.65910042
-55.30551554 -55.30551554 -55.30551554 -55.30551554 -55.30551554
-61.08435181 -61.08435181 -61.08435181 -61.08435181 -61.08435181
-62.69541707 -62.69541707 -62.69541707 -62.69541707 -62.69541707
-49.40572866 -49.40572866 -49.40572866 -49.40572866 -49.40572866
-60.61728080 -60.61728080 -60.61728080 -60.61728080 -60.61728080
-58.19305653 -58.19305653 -58.19305653 -58.19305653 -58.19305653
-49.96468762 -49.96468762 -49.96468762 -49.96468762 -49.96468762
-51.38040457 -51.38040457 -51.38040457 -51.38040457 -51.38040457
-48.28321843 -48.28321843 -48.28321843 -48.28321843 -48.28321843
-53.87224491 -53.87224491 -53.87224491 -53.87224491 -53.87224491
-71.07787170 -71.07787170 -71.07787170 -71.07787170 -71.07787170
-49.93219629 -49.93219629 -49.93219629 -49.93219629 -49.93219629
-53.50947184 -53.50947184 -53.50947184 -53.50947184 -53.50947184
-53.59565648 -53.59565648 -53.59565648 -53.59565648 -53.59565648
-56.65485360 -56.65485360 -56.65485360 -56.65485360 -56.65485360
-52.13114334 -52.13114334 -52.13114334 -52.13114334 -52.13114334
-69.17521639 -69.17521639 -69.17521639 -69.17521639 -69.17521639
-47.90277845 -47.90277845 -47.90277845 -47.90277845 -47.90277845
-49.20668968 -49.20668968 -49.20668968 -49.20668968 -49.20668968
-68.06598099 -68.06598099 -68.06598099 -68.06598099 -68.06598099
-48.21841007 -48.21841007 -48.21841007 -48.21841007 -48.21841007
-64.93055206 -64.93055206 -64.93055206 -64.93055206 -64.93055206
-44.53783648 -44.53783648 -44.53783648 -44.53783648 -44.53783648
-75.68504353 -75.68504353 -75.68504353 -75.68504353 -75.68504353
-53.28808659 -53.28808659 -53.28808659 -53.28808659 -53.28808659
-63.43853922 -63.43853922 -63.43853922 -63.43853922 -63.43853922
-48.67389723 -48.67389723 -48.67389723 -48.67389723 -48.67389723
-60.72018550 -60.72018550 -60.72018550 -60.72018550 -60.72018550
-60.39394521 -60.39394521 -60.39394521 -60.39394521 -60.39394521
-71.10589837 -71.10589837 -71.10589837 -71.10589837 -71.10589837
-43.85220298 -43.85220298 -43.85220298 -43.85220298 -43.85220298
-52.07602109 -52.07602109 -52.07602109 -52.07602109 -52.07602109
-54.28862823 -54.28862823 -54.28862823 -54.28862823 -54.28862823
-64.95318540 -64.95318540 -64.95318540 -64.95318540 -64.95318540
-73.24780042 -73.24780042 -73.24780042 -73.24780042 -73.24780042
-57.19843881 -57.19843881 -57.19843881 -57.19843881 -57.19843881
-34.77501983 -34.77501983 -34.77501983 -34.77501983 -34.77501983
-57.13631201 -57.13631201 -57.13631201 -57.13631201 -57.13631201
-51.21265202 -51.21265202 -51.21265202 -51.21265202 -51.21265202
-49.77757459 -49.77757459 -49.77757459 -49.77757459 -49.77757459
-46.32401349 -46.32401349 -46.32401349 -46.32401349 -46.32401349
-49.13457631 -49.13457631 -49.13457631 -49.13457631 -49.13457631
-44.36499157 -44.36499157 -44.36499157 -44.36499157 -44.36499157
-51.51010603 -51.51010603 -51.51010603 -51.51010603 -51.51010603
-56.24383897 -56.24383897 -56.24383897 -56.24383897 -56.24383897
-63.04667449 -63.04667449 -63.04667449 -63.04667449 -63.04667449
-46.47605571 -46.47605571 -46.47605571 -46.47605571 -46.47605571
-45.26956246 -45.26956246 -45.26956246 -45.26956246 -45.26956246
-62.93257683 -62.93257683 -62.93257683 -62.93257683 -62.93257683
-67.28618904 -67.28618904 -67.28618904 -67.28618904 -67.28618904
-51.43181420 -51.43181420 -51.43181420 -51.43181420 -51.43181420
-37.85630299 -37.85630299 -37.85630299 -37.85630299 -37.85630299
-50.11475969 -50.11475969 -50.11475969 -50.11475969 -50.11475969
-56.68299617 -56.68299617 -56.68299617 -56.68299617 -56.68299617
-56.80053462 -56.80053462 -56.80053462 -56.80053462 -56.80053462
-66.21017920 -66.21017920 -66.21017920 -66.21017920 -66.21017920
-61.72961420 -61.72961420 -61.72961420 -61.72961420 -61.72961420
-52.02372609 -52.02372609 -52.02372609 -52.02372609 -52.02372609
-65.89826503 -65.89826503 -65.89826503 -65.89826503 -65.89826503
-45.44126680 -45.44126680 -45.44126680 -45.44126680 -45.44126680
-53.09506633 -53.09506633 -53.09506633 -53.09506633 -53.09506633
-70.84512723 -70.84512723 -70.84512723 -70.84512723 -70.84512723
-50.55683427 -50.55683427 -50.55683427 -50.55683427 -50.55683427
-64.75598008 -64.75598008 -64.75598008 -64.75598008 -64.75598008
-44.53964454 -44.53964454 -44.53964454 -44.53964454 -44.53964454
-46.08811365 -46.08811365 -46.08811365 -46.08811365 -46.08811365
-49.61028503 -49.61028503 -49.61028503 -49.61028503 -49.61028503
-56.91724951 -56.91724951 -56.91724951 -56.91724951 -56.91724951
-55.22107631 -55.22107631 -55.22107631 -55.22107631 -55.22107631
-56.71158706 -56.71158706 -56.71158706 -56.71158706 -56.71158706
-39.70523099 -39.70523099 -39.70523099 -39.70523099 -39.70523099
-61.46969525 -61.46969525 -61.46969525 -61.46969525 -61.46969525
-61.72791356 -61.72791356 -61.72791356 -61.72791356 -61.72791356
-58.75243091 -58.75243091 -58.75243091 -58.75243091 -58.75243091
-70.19183103 -70.19183103 -70.19183103 -70.19183103 -70.19183103
-60.77336960 -60.77336960 -60.77336960 -60.77336960 -60.77336960
-50.99917094 -50.99917094 -50.99917094 -50.99917094 -50.99917094
-50.86095246 -50.86095246 -50.86095246 -50.86095246 -50.86095246
-45.07190886 -45.07190886 -45.07190886 -45.07190886 -45.07190886
-45.26708613 -45.26708613 -45.26708613 -45.26708613 -45.26708613
-71.68331473 -71.68331473 -71.68331473 -71.68331473 -71.68331473
-64.40926148 -64.40926148 -64.40926148 -64.40926148 -64.40926148
-51.01931615 -51.01931615 -51.01931615 -51.01931615 -51.01931615
-57.41761109 -57.41761109 -57.41761109 -57.41761109 -57.41761109
-44.38515651 -44.38515651 -44.38515651 -44.38515651 -44.38515651
-39.96501603 -39.96501603 -39.96501603 -39.96501603 -39.96501603
-71.17483188 -71.17483188 -71.17483188 -71.17483188 -71.17483188
-57.37697362 -57.37697362 -57.37697362 -57.37697362 -57.37697362
-71.36985419 -71.36985419 -71.36985419 -71.36985419 -71.36985419
-46.02383754 -46.02383754 -46.02383754 -46.02383754 -46.02383754
-48.88831472 -48.88831472 -48.88831472 -48.88831472 -48.88831472
-51.83727125 -51.83727125 -51.83727125 -51.83727125 -51.83727125
-62.14658223 -62.14658223 -62.14658223 -62.14658223 -62.14658223
-74.39354274 -74.39354274 -74.39354274 -74.39354274 -74.39354274
-61.38668460 -61.38668460 -61.38668460 -61.38668460 -61.38668460
-35.61812344 -35.61812344 -35.61812344 -35.61812344 -35.61812344
-66.87483212 -66.87483212 -66.87483212 -66.87483212 -66.87483212
-69.59372973 -69.59372973 -69.59372973 -69.59372973 -69.59372973
-48.36638884 -48.36638884 -48.36638884 -48.36638884 -48.36638884
-55.80558812 -55.80558812 -55.80558812 -55.80558812 -55.80558812
-55.72792891 -55.72792891 -55.72792891 -55.72792891 -55.72792891
-61.78539505 -61.78539505 -61.78539505 -61.78539505 -61.78539505
-50.36086042 -50.36086042 -50.36086042 -50.36086042 -50.36086042
-40.70024034 -40.70024034 -40.70024034 -40.70024034 -40.70024034
-54.34619320 -54.34619320 -54.34619320 -54.34619320 -54.34619320
-45.48559436 -45.48559436 -45.48559436 -45.48559436 -45.48559436
-52.82805479 -52.82805479 -52.82805479 -52.82805479 -52.82805479
-52.04902407 -52.04902407 -52.04902407 -52.04902407 -52.04902407
-56.47666291 -56.47666291 -56.47666291 -56.47666291 -56.47666291
-54.00842166 -54.00842166 -54.00842166 -54.00842166 -54.00842166
-48.97166166 -48.97166166 -48.97166166 -48.97166166 -48.97166166
-54.79712873 -54.79712873 -54.79712873 -54.79712873 -54.79712873
-47.68037899 -47.68037899 -47.68037899 -47.68037899 -47.68037899
-46.75801734 -46.75801734 -46.75801734 -46.75801734 -46.75801734
-48.96827344 -48.96827344 -48.96827344 -48.96827344 -48.96827344
-40.27823588 -40.27823588 -40.27823588 -40.27823588 -40.27823588
-74.78284697 -74.78284697 -74.78284697 -74.78284697 -74.78284697
-43.42579216 -43.42579216 -43.42579216 -43.42579216 -43.42579216
-52.90281800 -52.90281800 -52.90281800 -52.90281800 -52.90281800
-53.05305260 -53.05305260 -53.05305260 -53.05305260 -53.05305260
-62.75841035 -62.75841035 -62.75841035 -62.75841035 -62.75841035
-57.71949473 -57.71949473 -57.71949473 -57.71949473 -57.71949473
-49.96955479 -49.96955479 -49.96955479 -49.96955479 -49.96955479
-55.17715724 -55.17715724 -55.17715724 -55.17715724 -55.17715724
-47.50059922 -47.50059922 -47.50059922 -47.50059922 -47.50059922
-51.49618050 -51.49618050 -51.49618050 -51.49618050 -51.49618050
-68.46617589 -68.46617589 -68.46617589 -68.46617589 -68.46617589
-46.14033894 -46.14033894 -46.14033894 -46.14033894 -46.14033894
-48.11626461 -48.11626461 -48.11626461 -48.11626461 -48.11626461
-50.48448537 -50.48448537 -50.48448537 -50.48448537 -50.48448537
-52.86723196 -52.86723196 -52.86723196 -52.86723196 -52.86723196
-50.23371138 -50.23371138 -50.23371138 -50.23371138 -50.23371138
-51.37663291 -51.37663291 -51.37663291 -51.37663291 -51.37663291
-44.80078933 -44.80078933 -44.80078933 -44.80078933 -44.80078933
-52.85268283 -52.85268283 -52.85268283 -52.85268283 -52.85268283
-51.71589689 -51.71589689 -51.71589689 -51.71589689 -51.71589689
-54.36243092 -54.36243092 -54.36243092 -54.36243092 -54.36243092
-49.93639369 -49.93639369 -49.93639369 -49.93639369 -49.93639369
-64.91933272 -64.91933272 -64.91933272 -64.91933272 -64.91933272
-48.39342346 -48.39342346 -48.39342346 -48.39342346 -48.39342346
-57.35940496 -57.35940496 -57.35940496 -57.35940496 -57.35940496
-43.71513530 -43.71513530 -43.71513530 -43.71513530 -43.71513530
-56.98904038 -56.98904038 -56.98904038 -56.98904038 -56.98904038
-56.67627738 -56.67627738 -56.67627738 -56.67627738 -56.67627738
-53.50171311 -53.50171311 -53.50171311 -53.50171311 -53.50171311
-50.30237468 -50.30237468 -50.30237468 -50.30237468 -50.30237468
-51.56511071 -51.56511071 -51.56511071 -51.56511071 -51.56511071
-55.18469589 -55.18469589 -55.18469589 -55.18469589 -55.18469589
-53.37802304 -53.37802304 -53.37802304 -53.37802304 -53.37802304
-59.32867226 -59.32867226 -59.32867226 -59.32867226 -59.32867226
-51.19700707 -51.19700707 -51.19700707 -51.19700707 -51.19700707
-37.67357800 -37.67357800 -37.67357800 -37.67357800 -37.67357800
-50.76202865 -50.76202865 -50.76202865 -50.76202865 -50.76202865
-49.36952649 -49.36952649 -49.36952649 -49.36952649 -49.36952649
-50.14834653 -50.14834653 -50.14834653 -50.14834653 -50.14834653
-57.83741395 -57.83741395 -57.83741395 -57.83741395 -57.83741395
-46.74029030 -46.74029030 -46.74029030 -46.74029030 -46.74029030
-49.55532974 -49.55532974 -49.55532974 -49.55532974 -49.55532974
-59.23345500 -59.23345500 -59.23345500 -59.23345500 -59.23345500
-48.61995345 -48.61995345 -48.61995345 -48.61995345 -48.61995345
-59.14735235 -59.14735235 -59.14735235 -59.14735235 -59.14735235
-62.94724163 -62.94724163 -62.94724163 -62.94724163 -62.94724163
-49.23046543 -49.23046543 -49.23046543 -49.23046543 -49.23046543
-68.60605007 -68.60605007 -68.60605007 -68.60605007 -68.60605007
-66.47422421 -66.47422421 -66.47422421 -66.47422421 -66.47422421
-47.60419214 -47.60419214 -47.60419214 -47.60419214 -47.60419214
-68.51933058 -68.51933058 -68.51933058 -68.51933058 -68.51933058
-53.30890026 -53.30890026 -53.30890026 -53.30890026 -53.30890026
-49.40293159 -49.40293159 -49.40293159 -49.40293159 -49.40293159
-65.28703391 -65.28703391 -65.28703391 -65.28703391 -65.28703391
-46.98776425 -46.98776425 -46.98776425 -46.98776425 -46.98776425
-40.08186445 -40.08186445 -40.08186445 -40.08186445 -40.08186445
-61.54378876 -61.54378876 -61.54378876 -61.54378876 -61.54378876
-46.31920683 -46.31920683 -46.31920683 -46.31920683 -46.31920683
-49.89384619 -49.89384619 -49.89384619 -49.89384619 -49.89384619
-74.09958350 -74.09958350 -74.09958350 -74.09958350 -74.09958350
-50.85362595 -50.85362595 -50.85362595 -50.85362595 -50.85362595
-58.73543775 -58.73543775 -58.73543775 -58.73543775 -58.73543775
-57.91049333 -57.91049333 -57.91049333 -57.91049333 -57.91049333
-52.96015274 -52.96015274 -52.96015274 -52.96015274 -52.96015274
-57.46626124 -57.46626124 -57.46626124 -57.46626124 -57.46626124
-56.47417392 -56.47417392 -56.47417392 -56.47417392 -56.47417392
-53.72436966 -53.72436966 -53.72436966 -53.72436966 -53.72436966
-55.27774966 -55.27774966 -55.27774966 -55.27774966 -55.27774966
-55.57466468 -55.57466468 -55.57466468 -55.57466468 -55.57466468
-52.55152175 -52.55152175 -52.55152175 -52.55152175 -52.55152175
-50.64240740 -50.64240740 -50.64240740 -50.64240740 -50.64240740
-49.51582740 -49.51582740 -49.51582740 -49.51582740 -49.51582740
-45.41261115 -45.41261115 -45.41261115 -45.41261115 -45.41261115
-53.60602556 -53.60602556 -53.60602556 -53.60602556 -53.60602556
-49.34623373 -49.34623373 -49.34623373 -49.34623373 -49.34623373
-49.61103661 -49.61103661 -49.61103661 -49.61103661 -49.61103661
-66.28975320 -66.28975320 -66.28975320 -66.28975320 -66.28975320
-46.60423158 -46.60423158 -46.60423158 -46.60423158 -46.60423158
-50.09657957 -50.09657957 -50.09657957 -50.09657957 -50.09657957
-65.12717618 -65.12717618 -65.12717618 -65.12717618 -65.12717618
-52.70787107 -52.70787107 -52.70787107 -52.70787107 -52.70787107
-49.17051189 -49.17051189 -49.17051189 -49.17051189 -49.17051189
-65.88006184 -65.88006184 -65.88006184 -65.88006184 -65.88006184
-50.70228887 -50.70228887 -50.70228887 -50.70228887 -50.70228887
-51.40931958 -51.40931958 -51.40931958 -51.40931958 -51.40931958
-52.68121103 -52.68121103 -52.68121103 -52.68121103 -52.68121103
-73.78250177 -73.78250177 -73.78250177 -73.78250177 -73.78250177
-75.11631220 -75.11631220 -75.11631220 -75.11631220 -75.11631220
-50.42493038 -50.42493038 -50.42493038 -50.42493038 -50.42493038
-48.04637414 -48.04637414 -48.04637414 -48.04637414 -48.04637414
-68.37069615 -68.37069615 -68.37069615 -68.37069615 -68.37069615
-58.20342946 -58.20342946 -58.20342946 -58.20342946 -58.20342946
-47.99455353 -47.99455353 -47.99455353 -47.99455353 -47.99455353
-40.87877599 -40.87877599 -40.87877599 -40.87877599 -40.87877599
-47.65140130 -47.65140130 -47.65140130 -47.65140130 -47.65140130
-51.91090388 -51.91090388 -51.91090388 -51.91090388 -51.91090388
-45.99515838 -45.99515838 -45.99515838 -45.99515838 -45.99515838
-54.39426263 -54.39426263 -54.39426263 -54.39426263 -54.39426263
-49.10998280 -49.10998280 -49.10998280 -49.10998280 -49.10998280
-57.74794053 -57.74794053 -57.74794053 -57.74794053 -57.74794053
-55.47970979 -55.47970979 -55.47970979 -55.47970979 -55.47970979
-58.36822384 -58.36822384 -58.36822384 -58.36822384 -58.36822384
-63.49079726 -63.49079726 -63.49079726 -63.49079726 -63.49079726
-68.71003291 -68.71003291 -68.71003291 -68.71003291 -68.71003291
-50.77990217 -50.77990217 -50.77990217 -50.77990217 -50.77990217
-48.25615898 -48.25615898 -48.25615898 -48.25615898 -48.25615898
-51.72943696 -51.72943696 -51.72943696 -51.72943696 -51.72943696
-69.44921850 -69.44921850 -69.44921850 -69.44921850 -69.44921850
-57.52181767 -57.52181767 -57.52181767 -57.52181767 -57.52181767
-47.91642308 -47.91642308 -47.91642308 -47.91642308 -47.91642308
-64.05552891 -64.05552891 -64.05552891 -64.05552891 -64.05552891
-61.97650759 -61.97650759 -61.97650759 -61.97650759 -61.97650759
-45.57952659 -45.57952659 -45.57952659 -45.57952659 -45.57952659
-51.23271160 -51.23271160 -51.23271160 -51.23271160 -51.23271160
-53.58766489 -53.58766489 -53.58766489 -53.58766489 -53.58766489
-55.46686286 -55.46686286 -55.46686286 -55.46686286 -55.46686286
-66.43338447 -66.43338447 -66.43338447 -66.43338447 -66.43338447
-56.85931773 -56.85931773 -56.85931773 -56.85931773 -56.85931773
-55.15995043 -55.15995043 -55.15995043 -55.15995043 -55.15995043
-48.23038263 -48.23038263 -48.23038263 -48.23038263 -48.23038263
-51.25808438 -51.25808438 -51.25808438 -51.25808438 -51.25808438
-72.83825915 -72.83825915 -72.83825915 -72.83825915 -72.83825915
-55.66138369 -55.66138369 -55.66138369 -55.66138369 -55.66138369
-50.33054486 -50.33054486 -50.33054486 -50.33054486 -50.33054486
-57.30612509 -57.30612509 -57.30612509 -57.30612509 -57.30612509
-51.88865063 -51.88865063 -51.88865063 -51.88865063 -51.88865063
-54.50588652 -54.50588652 -54.50588652 -54.50588652 -54.50588652
-56.80656884 -56.80656884 -56.80656884 -56.80656884 -56.80656884
-49.68355584 -49.68355584 -49.68355584 -49.68355584 -49.68355584
-64.79057767 -64.79057767 -64.79057767 -64.79057767 -64.79057767
-68.00513908 -68.00513908 -68.00513908 -68.00513908 -68.00513908
-60.24490071 -60.24490071 -60.24490071 -60.24490071 -60.24490071
-50.43750992 -50.43750992 -50.43750992 -50.43750992 -50.43750992
-47.81358642 -47.81358642 -47.81358642 -47.81358642 -47.81358642
-53.35731655 -53.35731655 -53.35731655 -53.35731655 -53.35731655
-68.79579950 -68.79579950 -68.79579950 -68.79579950 -68.79579950
-53.28049081 -53.28049081 -53.28049081 -53.28049081 -53.28049081
-61.91897621 -61.91897621 -61.91897621 -61.91897621 -61.91897621
-44.10937537 -44.10937537 -44.10937537 -44.10937537 -44.10937537
-67.09068645 -67.09068645 -67.09068645 -67.09068645 -67.09068645
-62.25809419 -62.25809419 -62.25809419 -62.25809419 -62.25809419
-52.69248013 -52.69248013 -52.69248013 -52.69248013 -52.69248013
-65.08304249 -65.08304249 -65.08304249 -65.08304249 -65.08304249
-52.73687901 -52.73687901 -52.73687901 -52.73687901 -52.73687901
-48.37162246 -48.37162246 -48.37162246 -48.37162246 -48.37162246
-40.77177806 -40.77177806 -40.77177806 -40.77177806 -40.77177806
-74.41635561 -74.41635561 -74.41635561 -74.41635561 -74.41635561
-68.85341248 -68.85341248 -68.85341248 -68.85341248 -68.85341248
-58.34262949 -58.34262949 -58.34262949 -58.34262949 -58.34262949
-64.44948005 -64.44948005 -64.44948005 -64.44948005 -64.44948005
-52.38564686 -52.38564686 -52.38564686 -52.38564686 -52.38564686
-51.51999894 -51.51999894 -51.51999894 -51.51999894 -51.51999894
-65.19068789 -65.19068789 -65.19068789 -65.19068789 -65.19068789
-74.97298440 -74.97298440 -74.97298440 -74.97298440 -74.97298440
-50.79336008 -50.79336008 -50.79336008 -50.79336008 -50.79336008
-51.19963137 -51.19963137 -51.19963137 -51.19963137 -51.19963137
-45.65515921 -45.65515921 -45.65515921 -45.65515921 -45.65515921
-56.72894775 -56.72894775 -56.72894775 -56.72894775 -56.72894775
-56.86620996 -56.86620996 -56.86620996 -56.86620996 -56.86620996
-53.74903251 -53.74903251 -53.74903251 -53.74903251 -53.74903251
-51.75004314 -51.75004314 -51.75004314 -51.75004314 -51.75004314
-65.73108180 -65.73108180 -65.73108180 -65.73108180 -65.73108180
-71.43979128 -71.43979128 -71.43979128 -71.43979128 -71.43979128
-48.95280015 -48.95280015 -48.95280015 -48.95280015 -48.95280015
-72.83091596 -72.83091596 -72.83091596 -72.83091596 -72.83091596
-72.20239564 -72.20239564 -72.20239564 -72.20239564 -72.20239564
-64.39278040 -64.39278040 -64.39278040 -64.39278040 -64.39278040
-58.37455823 -58.37455823 -58.37455823 -58.37455823 -58.37455823
-66.15969275 -66.15969275 -66.15969275 -66.15969275 -66.15969275
-47.91845148 -47.91845148 -47.91845148 -47.91845148 -47.91845148
-53.18867231 -53.18867231 -53.18867231 -53.18867231 -53.18867231
-50.60724026 -50.60724026 -50.60724026 -50.60724026 -50.60724026
-53.78156044 -53.78156044 -53.78156044 -53.78156044 -53.78156044
-45.39701715 -45.39701715 -45.39701715 -45.39701715 -45.39701715
-67.39683603 -67.39683603 -67.39683603 -67.39683603 -67.39683603
-66.03312770 -66.03312770 -66.03312770 -66.03312770 -66.03312770
-76.09708246 -76.09708246 -76.09708246 -76.09708246 -76.09708246
-39.61667466 -39.61667466 -39.61667466 -39.61667466 -39.61667466
-45.87216122 -45.87216122 -45.87216122 -45.87216122 -45.87216122
