15.55207164
12.21244646
17.81957999
12.96092804
13.60968467
18.79157815
17.19515742
15.22342810
11.22676086
14.11171245
14.78078392
13.58060018
12.92499061
17.12622248
16.23770723
14.17086790
16.12064488
15.70668869
14.93429405
12.81201745
14.49687276
11.33834211
15.89871412
17.88453623
17.80258183
20.31581157
12.96315539
14.35751660
13.56200376
18.89491678
12.20533833
14.74548900
13.25860488
11.31421279
16.37216295
12.52090354
16.52466160
12.88471744
17.84960189
16.91367513
12.99199347
12.12554526
12.88435392
12.53323246
12.59706805
17.72940224
16.71423606
18.22593887
13.79569113
15.81083695
16.44009569
16.92839512
16.11748136
15.65158721
18.18388310
14.21292068
15.52209247
16.66145125
17.25904028
18.17479486
13.37401804
17.24315001
11.30083181
14.89782974
15.74786339
14.80429764
11.66297377
13.08641511
14.89057992
12.37769475
16.54986011
14.09223232
16.40995690
14.22693414
13.95035761
13.45295897
11.65942184
14.45752223
15.18864695
11.06163040
14.03494117
14.12590991
13.43949170
12.03469633
16.78993957
15.50131957
15.17423364
15.95106199
16.10370938
12.61695820
14.15468768
15.07869561
15.98890321
18.06472730
17.36459809
13.98505819
16.65778414
16.81034821
14.30283239
14.81521267
12.99025920
16.08545113
14.37639870
15.04942632
18.66633983
16.10384277
14.33156448
16.56026959
17.76103570
15.71596993
13.95101149
17.83791393
10.97335736
15.45222582
16.32509053
12.69925606
13.43924802
13.94170033
15.49402128
16.46845627
14.98442961
18.19333449
12.81540302
13.44674820
13.28095489
13.20569352
15.31355528
13.95803426
14.48632308
16.44675584
16.41990215
13.37751246
14.78261346
12.34870742
14.83844463
14.45245985
17.12884019
13.90373930
16.97445593
13.93170346
16.34431185
13.16128859
16.28946236
9.93639048
16.07586197
12.25051651
14.37173556
18.26244404
14.39227011
12.92734474
15.41330998
15.68972945
14.78365806
12.30773174
17.06081132
15.23516556
17.59182365
13.56586113
14.24350742
14.88996619
14.03478425
15.41524592
12.03101911
14.24056012
15.52592786
15.24056390
13.37696045
15.74668391
13.74202245
16.81315620
15.10714982
16.25448442
15.38205383
12.07768200
16.37961091
12.01965858
12.27384770
17.03130552
15.38528111
14.02174482
17.24477011
12.51877181
16.66055905
13.85628776
15.70156040
14.35008081
18.84782737
18.40066612
14.15465905
15.93950046
16.25668221
16.18906536
16.16423020
16.00413928
14.58846523
16.94866485
14.94302989
13.15264904
12.49703303
13.99830680
14.31202819
14.61106480
18.66277201
15.98887825
14.79302312
12.59066866
17.64520542
19.06741146
13.78483554
14.40516691
12.00844176
13.77016267
16.64002910
17.01910341
14.39369085
15.59855579
14.89781530
16.40503943
15.07258523
14.79177509
16.62894832
13.32330892
15.52224704
12.22161570
14.19305578
16.09648993
17.57621424
14.21275402
14.17368597
14.10186724
16.00241358
17.22817812
16.49958900
17.21097245
12.09838175
14.45658657
12.40989459
14.34738505
13.21099705
15.70228088
15.10602071
14.50290051
13.98746656
17.79145778
16.74916499
16.95579155
10.93930737
15.05163674
14.91618506
17.09355404
15.49212319
15.89125806
15.32740016
13.06856793
13.83535912
19.42449296
18.93505566
14.38241304
15.95541672
13.05072618
12.93255315
16.00136250
14.99396256
15.31833377
12.56279140
15.76178123
14.42430204
14.15401472
13.71318025
15.20822847
12.94852759
16.39714152
13.48178090
14.86305918
16.60636024
14.03240653
18.38332779
14.74600068
15.89183530
16.04319485
14.88382047
15.68168964
16.39633176
16.16165970
16.87154272
11.17936379
13.28876807
13.80549383
14.49542406
11.16431608
15.53393367
15.75135466
17.42532469
14.69433487
15.92813941
17.63064012
12.33924844
15.59567524
14.08678114
15.53130867
14.57700710
15.35936059
9.75858894
17.31204080
18.72777045
14.37312786
16.65861153
14.89889544
17.68908653
12.27963072
19.30086606
11.58245804
15.00850754
14.10747650
16.92031638
14.75040665
16.81980820
13.30270211
15.24360460
16.45130897
14.51753350
17.77149131
14.08781718
15.11161257
13.36941268
15.97214947
14.92437585
16.76769608
12.27745528
14.82314090
16.66826381
16.33938496
15.32173985
17.65441072
17.83321639
18.73095593
12.14557445
13.14118781
16.30421541
12.22979415
14.96818901
13.72798564
13.30755736
15.40042038
15.76519357
15.46729703
15.78607306
17.76336085
14.93910493
13.63610078
15.40560946
15.80434926
13.91253645
13.92409109
15.82491086
14.47906054
13.04143614
13.62009213
15.44882995
15.62478198
11.77114974
14.38736944
17.43661545
14.79956203
15.80475488
17.15833176
15.17973563
18.15167222
14.87627618
15.89248535
13.76324783
15.44661168
15.09962808
16.68737128
13.01212269
12.54818973
13.62705855
15.71004321
14.43963533
15.79165028
15.94582787
18.36905613
17.21022353
17.61528609
14.33551081
16.59184960
15.72284897
15.23298125
15.16182748
13.74639247
11.93164658
17.42756688
13.53471379
12.95215772
18.00740203
19.39295054
15.76374561
16.22236555
16.47694254
17.97943893
14.81413805
16.84277744
21.66851406
12.49547528
10.31191753
13.03560694
17.92666462
16.77498291
13.36619679
15.75415538
12.62125076
13.26328573
16.92064348
15.81363027
16.69577403
15.17731145
17.22154140
13.65012549
17.83820149
13.07803168
14.20844925
18.39871547
13.37561594
13.29721786
14.28249011
17.53151672
12.94391539
12.76935060
12.59144306
14.37753657
14.82255523
13.49651040
13.85017517
13.09729768
15.49017906
12.95435114
14.34842026
14.00692877
18.06185815
12.95668246
15.39841925
14.56827019
17.29782616
15.74111380
13.07075144
14.62430292
16.33356836
15.71508741
14.00587405
12.95153937
12.92531203
11.15035853
18.25274363
18.82521325
14.19513922
12.19050974
15.41398587
13.24826974
13.44806110
16.08116411
13.55032908
13.33301077
17.79194409
17.56266869
16.84581718
12.04300698
14.80758555
12.21475740
12.71035060
14.84551141
15.68588041
14.68043206
17.04621531
14.64807569
12.76420374
16.52575282
14.55061893
13.54887785
12.80911609
15.28208676
12.77121330
18.98596370
15.10729623
15.40876942
13.15941575
15.57524714
13.61615787
14.79483574
14.95524028
17.42643231
17.09924371
16.82613054
18.34599463
15.74954230
14.31953139
13.35811890
14.44374271
14.25187893
16.16070502
15.73228454
12.78734193
14.99902240
10.87031477
13.51867162
12.23700912
11.36814111
18.86629578
15.18395863
14.02709157
17.47834605
12.31459834
13.22057156
15.58170130
15.76559149
15.92204041
14.65832415
18.63139216
12.72720618
16.98768219
15.22630963
16.31637947
13.57331919
13.83306531
12.41766906
14.90998777
16.80290342
11.64242077
13.15443417
18.12119977
14.55111009
13.71437386
14.31134330
13.86111743
14.16086297
14.02643290
15.46517915
16.23088327
11.84704019
11.06542891
14.79806792
13.28114603
12.33272233
11.36130951
15.29885020
13.56465531
13.76657014
13.33633638
13.15746452
20.01490382
13.14838416
16.25279011
12.10534811
16.06389331
11.31191141
15.10051895
12.50449754
11.75504706
14.21002391
17.55527558
19.18901361
14.97185258
17.47931906
15.09361534
16.31943198
11.86062190
13.33727793
12.92764647
14.49080993
16.22488728
11.78769546
17.85570478
16.29796236
18.50639878
11.81482901
15.25289400
11.27499948
11.96734627
15.74098995
11.06548177
15.47871484
14.56497012
11.01596584
18.33880913
16.41098578
11.89551857
15.36404428
17.82374894
13.06277093
10.55424259
17.76212265
15.71964411
16.33465606
16.80315669
15.86720190
17.75512300
13.31997607
16.80044815
14.70210233
14.15754387
16.90173995
13.74978959
10.27429433
16.61794472
17.34645773
14.73210761
17.43282643
15.56310646
12.17036121
13.11792585
12.48458988
18.47022221
15.57714985
15.76853817
15.51252720
14.28760118
15.28315203
15.63196539
16.17768317
14.89998339
17.14738096
17.57691263
18.10458357
16.59250450
16.17919464
16.75979818
14.45005533
11.85564307
17.09424393
12.55623738
17.56230526
14.16336826
12.55245566
16.00093317
15.34937809
14.51180032
17.60019166
16.46216939
14.16911178
14.76152637
11.53461804
17.47936715
16.22206133
14.24042478
17.72332726
14.37742399
11.72425315
14.92581933
14.24657137
12.81513207
15.67950160
16.31387539
14.08670043
15.22596366
18.68595753
17.43096509
16.50958172
14.69856338
13.67431771
17.13031510
16.26226487
17.50382721
17.72788171
15.79481201
15.84857557
17.42769103
14.69407950
15.33904858
15.31386984
10.80783177
13.83518996
13.46526318
13.10626657
17.51023251
14.02628338
12.65292664
14.75362098
14.90193869
14.42602394
13.55749412
16.72483416
13.59226798
16.55131916
8.58563908
16.87133748
14.79261962
17.30691997
14.93830118
18.26760605
19.88238117
14.75290575
15.48013086
14.96513365
19.82013720
16.76792438
15.90929234
14.63933110
14.80050821
12.31391604
16.42694848
12.39009865
14.90326714
12.92704949
15.32386906
14.15590692
13.15825981
12.08982701
14.99482998
16.01074210
19.10327185
15.65192860
15.22579491
15.37423688
19.31557334
15.70923838
14.96056056
14.00121056
16.17329305
20.31458857
12.62536718
14.64870130
17.90943358
11.67727510
13.72578276
11.06805469
11.16174446
14.74328886
14.91408569
12.24122189
15.01389637
14.47785575
15.41165362
13.53250123
13.03009024
16.07039021
12.27149620
15.49413018
13.46323839
16.17891094
12.89075260
17.22869377
15.21179758
15.81237987
14.89786503
15.42825973
13.54708040
15.96720848
14.06155101
11.05529155
17.48971916
14.80572423
16.49531154
12.03244126
13.74269484
14.05007908
14.69508189
14.65904199
15.17036367
10.57200111
14.17838005
14.81143763
14.11661912
14.80153684
13.57589332
16.04073759
13.57423932
13.99931180
18.07576629
13.05996625
15.59635502
16.90025197
13.78689422
14.89689174
14.71107970
14.22110843
15.00815714
14.72381916
13.48310496
15.65743556
12.91047601
16.32176160
14.08264202
15.88292815
16.95882476
15.43253319
15.69650872
14.98443548
14.84530525
16.57261592
14.34445815
12.77279346
8.75389574
15.49646270
17.49415832
17.08002590
14.51407877
13.42212794
14.44589392
14.41684338
16.58260468
15.07122456
16.67274029
12.67327294
15.15780828
15.08505510
14.36236259
12.59770008
15.54572858
16.85960976
15.13722766
14.77567018
14.07332236
15.58535179
13.89925559
17.72931443
17.94085739
15.37310794
12.39232447
13.57532819
15.57029005
15.46018584
20.06079563
14.21604540
16.88477395
20.74818132
13.78646362
17.47965050
14.49526836
16.57870435
15.53103008
13.64310703
17.63014257
17.09590836
14.95460560
14.38647722
15.67505976
16.79808130
14.17366445
16.13742835
12.05387459
14.62778010
18.87814643
16.32614141
15.44074915
15.74033090
18.16999387
20.02959758
12.12944646
10.98939978
12.83838570
14.15603967
19.18781856
16.15657787
14.10804168
17.50924358
18.04044962
13.07037046
15.12593917
16.92908082
13.22370101
15.42531605
13.92925314
20.10879872
16.53290875
15.55482790
14.89491739
14.98666690
10.69463818
13.31757869
11.10285595
12.37501706
15.61336999
16.16289051
14.03321869
15.28278945
13.72643381
13.67194993
11.53345592
8.37341404
16.25569726
13.82458917
17.25721394
15.06648957
13.46199317
18.42593156
14.46657998
13.90143823
13.14571775
13.97579523
15.51908073
16.18166152
17.13522273
14.77117266
19.50254228
17.22552599
16.07739935
12.83941002
17.28377573
12.38051333
13.67166097
15.78993044
12.25865908
16.86758339
13.73736929
14.11094910
17.25564374
12.28149636
15.13467182
11.39497784
15.02854990
12.57821191
16.78092946
12.31322869
13.79436047
11.58001898
18.01893693
13.93905268
17.92881144
15.20379620
17.12124285
15.87877749
14.00041348
9.45360740
14.87054476
15.19134192
11.88611877
15.95768361
9.33823543
13.80585023
11.47019730
18.61599805
15.38766289
12.86905171
13.05510700
16.56334452
13.01368024
12.85835199
9.93688405
14.04812385
14.36772441
18.24883651
13.08320161
9.84624057
13.93286446
15.02588403
18.11211484
11.74890076
15.00079171
16.37803199
14.66800783
14.96856785
12.71363898
16.77740757
15.43527263
11.99291027
15.44846060
15.74311196
15.02840605
14.03031305
12.96122528
15.34477166
12.98065399
11.01397594
14.19412262
14.97804931
15.67714887
16.10881161
15.31122146
12.23159558
15.01650927
13.66163463
15.20327084
17.47628398
17.50468777
14.04814397
16.20170905
12.24370319
15.40765240
10.99304592
15.22148388
15.77981302
12.00113503
12.54053524
15.84940139
14.16046973
14.33916079
18.52077750
17.20766973
11.21428141
14.45375986
11.55886461
14.22665717
14.64475979
14.51816263
16.43872673
16.20817871
16.18863588
15.23987165
16.27679766
19.40310660
16.58649035
