69.89295696
69.45655576
68.64294090
64.88258722
68.61206425
70.25490677
70.79342909
67.00630122
77.20218308
75.33819981
71.88647555
68.70659600
72.68749547
63.37770697
77.25165845
73.03464063
75.67478175
69.15510232
72.24036071
70.76305256
76.62830496
70.97290320
70.33550123
74.38912255
77.88419822
63.17088561
71.48403361
71.32246622
61.49640882
65.24285381
69.92958770
76.36489515
72.75064897
72.01717505
74.14162996
72.67125334
65.42754498
70.53004198
61.11036438
71.18230626
80.07423883
58.44902502
73.62518649
78.72820249
71.76583511
58.76903446
77.24422355
66.47105014
70.95141914
69.95294320
71.69630963
62.94085771
74.53598157
67.09906668
79.85055681
74.94007437
74.76264439
71.90461001
74.06160000
74.54122185
67.95688317
73.74029192
69.27322908
67.46847274
74.51512778
64.12518708
70.55992472
62.60945888
78.16284215
70.55234056
71.48501736
73.21856226
77.08348010
71.20441404
62.81487269
72.70884194
65.58671905
71.04362324
75.01729491
63.90462939
68.59676670
80.21962198
74.14815901
66.09854325
74.38215582
61.76345147
72.83276982
66.30139587
73.11981118
72.62596599
75.04063167
68.21044767
69.42577764
79.92137425
80.44584034
62.37194872
72.58365628
70.20285344
75.78840195
62.63717951
67.18493256
70.30653733
78.48321208
63.02602026
69.87063481
73.41068193
71.67258881
59.67147729
63.25674145
63.17611550
69.66106584
70.82221192
74.87940251
67.73686316
75.26201023
75.36872798
60.88388630
61.39964516
71.24045800
76.23569674
74.01787206
75.56792926
73.52827944
72.09558021
71.64820677
75.63832429
70.87698070
80.00226247
68.94579264
69.27346775
75.73594272
65.43737670
73.06535374
64.39893043
73.19256712
76.14290767
72.61227440
70.22186901
80.17678626
69.92671448
65.20524768
63.72765845
67.29062139
69.34061202
64.35501416
72.64383836
80.63767453
71.20872240
69.06920793
68.11865194
68.55554539
70.50289295
68.61741073
62.45094429
62.39733985
63.11120875
73.62785911
58.71777152
73.67887337
77.86742170
61.92803779
70.67884592
71.26572459
71.56603696
63.01493823
65.94727498
69.75130128
69.39420793
70.72341368
77.09581731
63.72625483
67.29770953
68.19056008
74.48410073
70.09708146
71.97173354
71.34862038
80.71993710
63.78091967
72.30103445
73.19762444
73.67491914
70.68371284
70.22920232
60.45544540
71.34194698
62.92238597
67.62615072
61.95431944
69.26152716
71.17597738
79.34437481
61.33179946
73.80806508
65.74004724
68.20778175
60.73402432
67.49672350
63.29625811
67.27607655
79.17572177
69.78209020
80.74264261
69.09703706
68.31468252
66.01760613
68.02574810
72.59761951
68.51927112
61.51810502
64.36966325
68.20226351
62.30014198
75.58003938
71.80071760
78.28453216
61.50072828
73.07723055
71.62851457
70.39478774
74.32705927
72.05049531
68.86886847
69.16399273
68.29621854
70.39085348
77.27687709
70.25435972
69.76482960
71.09269883
71.13080387
74.75447844
77.95178147
70.54720203
69.37837189
74.70829061
71.74912108
62.83866526
71.51826993
69.71473583
69.17309286
77.15318813
69.02720758
69.55379457
76.06961450
65.58191952
67.98590207
64.76632435
63.87861992
68.60132579
76.36539362
66.43880938
70.20001915
75.61042253
76.72812624
68.41206614
72.77287367
71.72859450
63.73615728
68.64984488
64.41341682
69.62809977
76.63160666
72.10113690
73.25492233
69.38291492
68.47931468
71.98492554
67.45186155
68.22314895
66.73079867
65.77275869
74.72856760
67.48005609
73.14448251
67.95245279
70.41906443
67.30934059
76.83440651
65.45317542
72.61841417
61.89687587
57.14978286
64.92599172
73.90044076
69.11279764
72.99338872
73.12480063
67.57028988
65.00593070
72.94218903
67.60995280
72.50899217
69.04844157
82.24657634
67.87005038
74.29080488
70.41688272
74.08516557
77.12225863
59.45430220
65.62680164
69.92110261
64.19880294
81.74178554
67.92120617
68.09279839
77.68793078
70.07118383
61.42436861
71.67976382
74.31881152
69.42314179
73.89576593
70.00947643
76.53269461
70.52976837
61.11117408
69.06805173
72.59214524
69.78407828
72.70686503
76.44328913
72.72794431
63.66767781
63.89005583
68.91574449
66.85026989
77.03100199
64.94053591
70.08792973
71.40573957
69.31353067
75.79438492
68.36074135
65.95022238
65.26817691
78.21242017
63.03560951
81.49781074
71.89164537
73.35528358
67.75305563
67.35457163
70.81488835
74.05394066
70.80967092
75.29318314
72.54923474
81.00998062
68.17487835
73.84067352
62.52474058
71.78711634
77.42922677
79.71981598
72.64820518
66.19042516
66.89964183
64.20903960
69.62394616
63.83264862
70.47272963
70.78688174
70.94563722
70.76541487
72.85492424
73.49192065
60.44538304
65.76777228
76.55733074
69.42550037
67.35059695
73.56324203
64.08395077
71.22515779
74.24973067
65.33081213
76.89955548
70.18294485
71.55821224
72.00880887
69.45819758
81.74618989
70.30585411
69.27646232
74.22312593
74.72246875
72.15540125
76.84838435
67.25787791
70.59721677
71.49410007
71.01808550
61.50248630
66.58210913
65.73770452
69.37815566
65.44910904
70.58318620
66.08832375
74.00728572
67.56786834
69.87648177
61.86234014
70.35730600
76.65266385
71.41499715
76.56246853
68.54859296
73.64808519
73.77075707
68.84789047
64.25659905
70.01668654
75.34033173
70.33928389
67.64982495
73.59563076
67.73455907
66.96025812
70.43580380
65.08448294
59.31083302
67.32810407
63.57117682
65.10468214
70.01389984
63.57592813
70.60787427
80.36461760
70.84072362
69.34038698
68.59258737
75.77179885
73.05280926
60.90345993
71.72607604
74.03302471
82.96461826
66.20586753
77.85748291
77.35169883
71.56399920
73.21028849
66.77198274
75.97594085
73.24688453
69.39865164
60.61933399
72.47254740
67.43704443
68.85023343
68.43221633
69.45230449
70.20236532
72.87159215
66.27699756
77.21705769
65.11232472
69.07212889
60.83435317
59.85717514
77.47017636
65.47143258
68.44356813
71.36271403
65.41043620
73.78809228
67.55666642
64.72107495
71.07831878
70.11027208
65.73801127
60.66489847
71.48895760
77.78724462
69.12727596
69.67156642
74.02755577
80.95215519
73.33871305
81.28715501
71.58743387
63.72131563
64.83043360
66.29923068
71.61652537
74.95787655
77.99828550
62.12260471
75.07534532
67.38483311
66.08288627
70.08383024
65.79911033
72.04452601
71.42518026
69.28503631
68.32339064
75.53611014
70.03974169
66.51276918
71.55860993
72.38882625
61.26277906
68.76190599
71.20878996
66.88596693
69.29527049
65.68847826
74.47733515
73.24434261
74.12006824
72.52763181
75.67015446
75.46690408
68.52207147
67.14952840
66.99993490
66.98146568
70.81439520
66.22735487
68.83260402
68.48011599
73.23445873
62.12477149
64.66421913
71.47958958
73.22136895
73.36866073
70.95920783
64.42197192
64.38809644
74.62423526
72.69405541
73.35057475
71.49016457
70.95641596
79.75416847
70.92434950
79.05439279
62.05585137
66.59881366
68.34764432
79.64598815
64.74648774
66.51018917
73.23090791
65.25182981
68.12473870
75.88031752
68.48428499
80.15300073
71.43690747
63.02730227
70.04212250
79.22239449
72.65799911
68.35970026
77.43214237
61.75752682
72.35093958
61.71881182
66.77689696
69.11343849
64.92235041
70.30651718
71.26785052
66.38940547
58.56310336
73.98076332
70.52003873
74.81796208
73.80970799
61.63883392
67.77422881
77.53089887
65.09530228
67.34429854
72.86957814
66.17046870
59.92663710
61.82846853
70.69765530
75.96874622
65.64285984
66.38084304
74.74462756
71.87439974
66.52055343
73.32954929
69.56196594
75.45189190
67.88199672
70.10141322
70.99968171
59.48178402
69.38709777
64.16808955
77.86534990
69.14136578
71.07486423
73.94771439
63.97721901
68.63108073
66.76517566
71.23697132
70.33238344
70.72521831
68.66677631
71.28774609
66.87577028
67.59080573
68.28790655
62.47088348
68.22867103
75.83378015
71.64794917
80.94311948
69.96822830
66.65319689
67.09976672
65.94523106
64.31842625
73.63983970
54.61290535
71.31677308
75.06191028
68.56367038
72.38144235
55.67414178
63.31584773
60.33276153
59.43385306
70.99182793
73.50453310
75.27602573
72.55674916
71.25455824
63.68253411
69.56726265
70.13693801
68.43599502
67.05423358
76.40412419
67.64073264
71.59742681
59.45975933
70.51708709
69.59785857
63.01168494
65.19794038
62.67047128
74.90547637
67.47203571
71.98924298
73.61906331
77.18731255
67.95543795
71.72375968
71.12398778
75.22926037
71.78764344
68.70486332
76.64871738
62.45315008
65.35154060
70.57787838
66.20652244
60.38536814
68.69580800
67.16295497
70.31378024
71.06160856
75.10747484
68.72412402
74.36556980
61.83989295
63.83135536
65.79814941
67.43853960
75.13565052
68.66240042
67.20759427
70.69312618
79.39300254
75.79400591
68.76493617
73.67283567
67.67866835
67.98059414
78.55419741
72.40795723
71.82665421
76.36873129
75.56434532
72.66692581
73.39499936
61.31430270
66.86750472
65.32723794
59.45972305
63.01065126
66.56366380
71.83708964
68.14914305
71.67208155
72.63511867
73.36317529
73.40421014
76.81490272
69.14085103
74.35104806
66.63365001
69.50059642
74.91961777
63.82770876
71.08694389
74.40241408
62.92779001
70.22357625
74.63719787
67.27974646
68.94481641
73.41651411
80.17319908
68.70396834
78.94940379
71.07934147
66.69993084
71.17445843
71.24884285
70.67372329
64.43233075
72.87013693
70.23728490
75.02636797
68.49056439
74.01419911
68.68596800
72.37577097
71.73550334
80.56299431
59.54732150
69.54191904
70.07027696
70.12494916
64.39780695
67.77516866
69.69562637
66.09855754
78.64929078
74.29456071
66.50785741
77.29743342
72.37749678
69.28442226
70.05508713
71.09676938
70.08897243
73.83699799
65.05638661
72.08246670
72.90145608
77.44634705
66.10131068
71.35301165
71.03436186
70.48234180
74.26520938
63.43438441
68.19606691
77.25245955
69.80832735
71.15801432
68.62371687
72.84724791
70.17992041
65.34630572
64.04502545
74.95330538
56.97087714
71.76890346
62.30894851
58.88110565
73.53938925
71.77009740
71.83434281
61.18734428
72.78578226
61.96328844
67.20263719
71.44352980
76.21397708
74.17850362
71.27862024
69.21263404
69.31258629
65.37371106
65.58608884
69.33536553
74.55206211
71.11370357
69.14869017
53.72337857
71.44828087
69.83091231
64.68100169
64.13976661
69.04292333
66.52890239
70.84592136
71.53369637
77.90191659
75.92897867
70.18556925
70.65600930
66.89603144
63.73149308
61.23497266
70.05449556
79.16853567
74.64679790
66.77263106
69.20146737
67.88492921
69.88987461
73.99070374
67.71446509
72.18406991
66.22945373
66.60507886
62.69020932
68.45897503
68.51573466
70.97740110
80.08616800
68.00937086
71.73476657
69.17007052
70.12694048
75.50562285
74.98381421
63.23729141
67.20276133
73.88089776
69.20969530
62.12046191
71.50250237
67.65478749
66.37340449
66.76116111
71.29886311
66.55244444
69.59900996
73.28404025
72.87097448
73.41336500
80.77314885
68.98653622
77.54638264
65.06036898
72.87424443
70.82112082
65.85488207
63.84094996
63.02716050
67.62781326
75.00490377
66.35904217
75.56528212
64.74529726
67.20255076
81.38114256
71.92035419
63.95022953
62.49546283
68.88292716
69.54641534
68.44036842
72.09321881
67.85609521
72.97645940
73.69868885
73.04942839
70.77304417
66.87836003
64.18533785
61.03778892
66.08995261
69.63414778
68.12075769
73.03218781
68.59893187
65.88481266
69.25100972
77.06871696
60.58112783
78.11236039
66.21108972
69.63308095
71.97569965
68.18893002
63.18638638
67.19484676
74.19411525
66.50493838
70.62861181
71.63347359
69.70315196
75.32325147
72.12840707
70.75824475
70.78202857
72.52548049
67.00836661
64.23365608
68.10113477
68.37251058
73.55052925
73.20293030
64.64792789
80.27063676
73.64736604
69.12227623
67.34360942
73.49320011
68.28647504
65.27259194
74.65247970
70.31660149
65.22870976
66.90858380
73.38707649
68.76962787
60.04054363
63.68794909
68.53468959
73.89209101
71.45682572
69.94479950
75.29578261
62.92374161
76.94175190
69.91289351
69.35664930
64.36221588
77.47707705
67.97144498
59.68287286
66.40263578
81.77507437
77.99024930
67.81491780
81.06465642
66.31795276
64.65583417
71.03933562
75.20378367
73.90073018
75.74493945
67.14386741
73.43512882
74.41844392
78.52046464
69.52615162
70.02766692
69.07899645
78.50642434
67.39657509
71.55142033
66.38957177
65.95542579
66.30983430
68.15852792
68.35062775
67.49221042
78.40995214
63.71948686
75.28779099
58.85314588
64.60572848
67.31876047
63.65044081
77.51107719
76.59501919
69.62428489
70.83685983
73.08076732
65.96858807
66.95757258
63.66966420
71.82718212
62.38867843
60.90964809
65.36672010
58.39546551
72.49244103
65.59424008
71.80717112
64.11057089
65.58683667
62.88510964
67.50337395
64.64462512
70.07812036
62.41547990
70.39483318
67.96707046
77.28718698
69.53777717
80.51576464
65.86192917
87.05775953
61.87981398
68.46050037
74.46233177
68.40030829
63.86965290
75.12754536
70.71823593
58.22485387
71.49687952
69.93489185
79.22795031
72.66317447
79.72548350
68.60707391
75.96861569
66.52564012
71.37924563
69.52842107
76.20832926
67.01201014
63.51766286
70.64982834
72.56242701
77.03734879
65.26620429
72.46285502
62.00403449
58.57780627
71.53211157
65.98064803
74.75380173
64.06190327
70.90432598
66.61293078
65.84038721
63.76428435
67.55059436
63.78026528
75.12605988
75.66691361
76.36826390
65.16488846
74.97072933
65.60922087
63.41455510
68.25575354
70.69975926
58.20553212
78.78772037
83.38445577
63.26163504
76.51492255
58.04453628
69.16263976
77.45211293
76.71394578
66.94182256
62.50923225
76.25026224
71.74187089
78.60099804
72.62470929
65.92681294
71.36610390
65.42915913
75.81838239
72.12239408
74.39836339
66.05758564
67.74858248
67.53307001
69.77732655
65.96393324
71.27883253
71.34499820
77.14873185
67.74374334
65.69841704
70.70044990
72.69604376
72.47367625
71.93248249
65.04364711
58.63922062
78.45194198
75.17725895
66.03223892
74.91643261
66.17886050
69.82005340
77.46915193
68.36703325
68.36976099
67.65135106
77.00723378
81.38688421
67.69378908
66.44293442
68.03210195
62.57732633
66.57815690
71.62188807
66.76801390
70.60637696
56.48474848
68.55420115
74.86082393
77.09442958
71.82831530
76.99346151
67.40610287
68.25435063
77.57734223
68.21007392
64.55671222
66.80390129
59.56388168
70.06876236
66.90643319
72.37621409
62.84736734
73.52476310
67.47900118
76.13392935
76.70773039
66.98393115
67.68065640
71.80050947
64.30775516
65.18848038
67.40328709
65.18913159
71.24449492
55.27660562
64.95934346
76.26202138
74.51344173
76.81018636
64.08924807
71.15464048
67.84411584
64.67713415
75.10149937
67.94949321
61.14351493
74.96409123
64.98798917
71.35238073
68.54882010
64.70848010
75.32767006
70.67567032
66.94128388
73.16297780
69.59062088
75.58065929
71.57311154
75.19939723
71.99395143
73.12696602
73.29765560
75.14933460
68.71680084
74.02108711
73.30949697
67.87064735
69.67703878
76.84240675
64.03451403
79.06243955
74.86778574
63.47934985
65.84820582
63.22109752
69.40178242
73.71981330
72.82427756
71.89951705
73.35350697
73.81735715
73.70364181
68.97121507
75.83886294
73.19411685
66.06481332
72.68339011
73.83054103
61.72288516
72.30747103
71.25075938
64.47250385
61.24468180
72.00371631
75.59366249
72.51856520
71.23472026
70.68883293
74.11548709
74.90760213
75.30985295
75.60796970
69.88902734
74.42881418
73.66105364
72.44025180
68.28504417
62.17947919
61.03671641
69.70079864
68.62651621
77.25612574
68.09601684
67.94081008
74.07469498
77.79752895
66.24904666
68.79696818
68.10214539
68.43443967
72.46067855
67.31470784
72.41062219
71.62795834
66.06224229
69.07522594
73.81537600
63.62327953
66.17243689
75.03088507
73.60678481
72.96869843
68.19048877
67.90396278
65.26751798
71.31064967
71.25465650
70.60746116
70.96524471
71.35961921
69.29113639
63.82659034
70.33040161
77.79486261
66.96069155
64.76783075
77.18515487
65.71673097
60.96341361
71.59804337
75.27740425
71.01858476
80.20137546
71.17813966
72.00819144
68.98301255
68.42546180
63.94149927
73.44154706
65.63905129
65.93780378
72.50064280
64.19637842
70.23860165
66.90321697
76.00639074
70.84106222
73.51661393
61.02605413
70.85756682
69.69267045
66.70312325
73.79958423
65.61151283
70.35374093
73.41838093
62.77791395
62.07620253
70.81403190
73.85631593
73.29468078
76.54908681
68.71798979
60.45048306
59.59352123
78.64593478
69.81959103
69.72969451
72.56559582
68.02287718
72.97664162
72.77071619
79.22568032
65.36938516
66.59359845
74.61622065
75.34194002
72.66389672
76.52258569
69.42764494
74.50073761
67.66955117
76.44830026
66.31551528
79.98571580
77.10357177
65.05830523
66.57190635
67.63711570
73.10378071
66.19819617
77.24698199
65.79688271
69.25338343
75.38199993
67.07851670
65.04662470
77.51274256
71.32098105
73.10300056
76.26790309
53.28671567
66.16494507
72.49484583
67.56662899
70.11836001
72.51613024
67.02577618
77.17359432
66.96979048
75.16720211
79.49213225
75.50875835
69.40701753
66.42590115
61.28704542
70.79136753
64.74687965
72.62218253
67.96942947
68.87963764
73.68726709
69.72940524
76.24807274
66.94825682
66.18494171
77.76919623
76.90072153
64.77024841
69.05986756
71.86001240
75.29239079
61.66676751
75.75695670
66.11543017
76.56818320
65.31453149
58.52099354
63.59004106
64.53501099
76.83113339
68.40495728
69.09644451
66.83766072
63.84486556
71.22836682
67.76564160
62.71494275
71.52795835
69.74565998
65.33005585
62.01332286
66.59744655
75.39429038
72.55454817
70.98153765
63.80697056
75.19848667
60.98253968
57.08184646
69.26140680
77.16144770
71.49664820
71.16799852
73.34141133
65.92125294
65.32225886
64.44552838
76.60237324
77.23441553
74.32519161
60.17393379
80.44963588
77.38461091
73.84036425
70.93288300
68.22363846
63.48429583
80.70416211
67.74635453
69.06599123
72.52753972
64.83924581
72.19224652
72.26188222
73.29341602
69.90877188
67.06840032
69.98215428
67.61566539
64.89641303
71.29565013
62.62894005
69.22531642
74.02219459
79.54766258
65.01039644
67.31574855
65.60691212
79.98442082
75.39421380
65.56191101
75.78073862
72.46649117
76.40144953
66.48931468
70.13766719
65.54085334
74.84261288
64.82472753
69.40352994
75.31182203
70.52129956
66.97250104
78.63541893
57.09548176
66.43674611
66.44760484
77.07507194
64.75542155
67.46760180
66.71558237
72.57490527
64.77146850
70.62247057
67.55726306
72.00690679
82.30698658
62.01664177
72.38600231
66.84963538
66.08307728
69.20879055
67.22951846
72.62206841
64.37124570
66.47440990
64.77549699
73.86342131
73.24241624
76.10910522
82.81104359
62.13263322
64.87115594
71.82200665
70.12498465
76.18810404
82.00125468
74.59850420
66.72609788
76.34257270
70.87994615
66.73905783
59.65374275
67.76961446
68.27623540
66.26727171
69.32602245
77.64955702
66.34063023
68.95386872
63.20822574
59.75693261
69.30386141
70.69100113
77.60162648
74.79150223
65.81385294
73.14885294
60.18529469
76.70738113
61.81097727
69.64399772
76.50784660
68.25008985
68.28911008
68.47975991
71.13015334
70.52730990
65.71687584
60.37427294
70.19229366
62.30371978
76.10592372
68.08791696
80.03476518
79.66587864
66.00767939
68.51767226
77.14622512
71.36195241
66.38611752
73.31841357
67.71323335
76.76279216
77.79089524
72.82670493
69.20362553
73.03749915
70.35390048
75.68604545
70.51811367
62.14168298
77.41335223
67.65340792
68.83405753
62.43629938
78.00063520
69.03118978
58.77282447
73.90087342
73.47660108
63.38147716
64.68429652
68.12607582
77.02843423
63.24315324
66.90139384
71.05710271
77.25523761
70.99231983
75.38717619
73.29190880
55.61295107
72.97598569
67.83580481
73.61114416
73.13140579
71.21204556
81.61871664
70.60580431
70.24818251
67.89038343
64.82826725
67.09614263
71.92107892
74.39423739
71.23686648
68.91253928
63.19210146
69.51717900
67.27824886
75.05550077
70.73989828
73.19729770
78.46498241
66.17025209
72.58568952
63.08161002
72.69580180
67.01515664
75.88505027
75.79663193
68.30628451
77.78834050
72.01833243
65.25850436
65.14955677
74.76727358
74.34970024
68.17162651
73.01542805
65.25589255
71.72303467
70.62950308
72.36179909
72.73265948
67.54961327
56.37042447
74.40565083
74.28491464
70.80877971
73.57313404
70.49459788
71.51179349
66.35288471
67.38359335
68.84200293
72.18398137
80.95135519
74.55671868
77.32975754
73.26102810
73.41099276
69.51407156
69.71225226
79.40298323
65.74609845
66.55412668
66.39247838
70.98702021
65.78082029
64.88629834
76.92952751
72.21234719
67.26183828
74.37316128
70.41156738
75.23498078
64.16196634
72.17871442
68.55763371
77.04817339
73.72547125
64.60438350
79.48261504
69.44650047
71.23985096
74.24720909
75.75745163
80.26519530
67.31934661
70.39957088
60.76706908
70.11819356
67.72517902
68.87561465
68.03917643
71.24644775
75.22642616
67.86769137
71.88163805
72.63032059
65.41148776
68.89502235
65.04958739
63.97627130
64.80457505
70.37368351
70.54033137
73.00781871
81.53680647
73.71944764
76.71249487
70.92754959
69.54340285
66.14099114
71.21738372
70.35781871
73.32362245
65.52822443
66.71363668
69.77368234
74.47368191
76.81811962
69.85978959
72.46332705
72.10793985
77.63575323
73.73210581
72.40153827
72.94574099
62.67576677
79.97476472
61.27697354
69.12226154
71.67344570
66.24491943
72.88354140
78.78545206
72.01789381
73.20694108
65.47276994
72.21019250
68.56183838
62.54297825
69.75694175
69.90881250
77.50694926
68.39925579
67.14185240
78.88230790
69.60183677
70.40344891
76.43496463
64.67146221
74.71140037
74.12750658
74.94437052
64.60564401
72.96639101
67.07842508
68.06801972
74.46500469
73.14805860
74.58532056
57.96170328
73.52194278
65.88372533
72.59331279
71.97960797
65.51180379
62.98787986
69.18798616
86.88062972
63.16986644
72.90271069
68.55403908
68.38721595
57.86380282
75.96483392
63.06932299
58.44405415
70.42706812
64.75539656
71.62834541
68.99849650
81.91943906
65.14876767
69.86853516
69.95502875
78.91371770
70.51272071
71.73400399
64.48317079
79.25807558
71.11505849
69.66334814
63.96330961
79.11259383
64.59933185
73.62230554
72.68139621
68.49455624
74.54197476
75.64075633
72.17308400
69.99076395
65.88088548
76.97226494
62.66693140
73.19730896
65.99123567
72.31831431
72.68003664
72.73951788
71.92822080
72.57001556
66.62764231
73.04133613
68.72096078
71.50656173
74.75605781
72.70499238
61.40946631
59.59942593
64.24045605
68.18972470
73.37951331
76.16213951
72.04315694
73.95731632
75.46210781
70.40480187
62.93926945
77.69963979
69.47438057
67.30378837
69.26667132
63.65074259
71.05972754
69.47915064
68.47975250
56.98322964
74.06081406
64.32153441
70.34570699
75.68117023
70.05020591
59.18516642
63.87906777
67.84744835
63.82567615
75.38308962
70.35248638
63.68915901
64.69548052
69.75580506
73.99408458
69.28664770
74.43948057
67.21244599
64.44059695
68.72159970
62.61077895
71.44368696
67.50498014
65.22753886
64.67113058
80.95281098
70.00795290
64.61036842
65.58190447
68.83201208
75.02653559
64.80405404
73.23551780
78.98987412
69.29527144
75.80931355
71.72326912
63.74707050
81.38085910
72.27069235
66.38564807
76.79291368
69.34735438
69.43414042
71.38760104
69.07592083
77.37595016
77.83410251
74.47794513
67.72642948
77.74916316
72.47659488
64.59857121
68.75294777
68.82483509
72.45787968
68.51439643
71.30547272
64.92075776
67.89700905
71.71548885
69.71995620
62.65232219
62.92100352
73.12931479
79.14398973
68.39923644
64.61324880
66.68222831
75.84605599
66.62462773
70.38586147
75.44448484
67.76934644
69.26880919
71.43802660
64.48141291
70.09431252
68.05221921
82.35167495
66.23051859
62.92497826
68.32071104
72.41271961
76.73916661
74.98235914
67.45080400
72.50351045
70.15875008
58.83108108
71.55355167
75.59246358
70.84099490
68.60425782
70.69217980
72.70832154
73.66501110
80.26898479
79.03491036
65.11770791
65.68450031
72.18173118
76.40171744
66.53190142
79.18574300
70.46977210
69.38914425
81.73080118
81.10493238
72.39658198
70.65542867
67.92004055
65.32005000
61.98222105
79.02319485
72.89570804
70.36827837
64.27764735
67.88165324
70.46149847
65.96975504
74.10609432
72.05584121
68.90243484
74.39805470
71.82399524
73.14262795
67.56506181
67.45711366
69.45436589
63.30727160
69.56728583
74.63970035
76.41617566
66.34654453
75.08805717
73.91494645
61.94949204
63.49547407
65.27710253
71.68964425
78.82331825
73.24393075
62.66940370
74.20052603
69.35481121
68.99040505
64.96867055
65.17464422
65.25772021
78.47794874
70.21028417
65.57965740
72.46183014
74.98910092
78.12022531
80.68353560
68.81735788
68.48608485
64.55930917
56.95609224
72.18345276
63.78475665
70.48820996
70.47420765
72.42737770
64.77474549
63.57428610
69.61760416
68.40503781
70.68100374
63.35834528
74.80464103
66.00735470
76.84294158
66.32003326
72.24161102
71.09725178
69.53519221
65.52092906
69.68101406
72.48270016
76.43945921
72.91974850
77.52538409
74.67791229
72.47283136
72.61267688
78.04649894
69.86837800
67.20337594
70.06520721
74.88041053
63.65569718
66.54228866
72.96276635
60.40630966
71.83166200
69.42316547
74.34972802
64.43645086
73.00602025
