2.74579412
1.78179232
1.78253006
2.45202072
2.13628605
1.79567830
2.71248447
1.41882147
1.61404665
2.21475831
1.49743386
3.12420233
1.01030963
2.83468190
2.79139915
2.08350736
2.19702871
1.92417844
1.56693460
2.13525069
2.32045121
1.97743688
1.81011681
1.67783992
2.52640612
1.76773237
2.75874420
1.41077295
1.82415543
1.62732011
2.28697350
1.36576287
2.03892594
2.29631676
2.09918548
1.36308404
2.33145688
1.74995142
2.19762523
2.04649521
1.57787840
1.74628906
2.46908323
1.72987004
2.89039156
1.51006029
2.73313956
1.40373308
1.77816993
3.57008126
2.24312705
1.54720336
2.56934829
2.99349710
2.38362737
1.28472841
1.24120636
1.24132118
1.35920003
2.89880158
2.60028194
2.71097530
3.11683614
2.74386859
2.46640034
2.18628163
3.23974482
2.34357690
2.33341212
1.72510241
1.83366402
2.02348988
1.91645779
2.42535628
1.52839305
2.06284885
2.28507902
1.25504137
2.24422880
2.23447366
2.91426158
1.80158714
2.40289603
2.52323583
1.78639448
2.53279943
2.59382104
2.59695378
2.60792063
1.92770901
1.67843245
2.20966712
1.35825272
2.15193978
1.85777636
3.27842585
2.35167648
1.57955135
1.75417166
2.43364552
2.25524678
1.89792016
2.24887872
2.01140390
1.53878991
1.11911624
1.68894726
2.83457507
1.10515764
2.16039765
2.88079319
1.65540707
2.00785508
1.34430523
1.81492835
1.47299768
1.24857476
2.67139630
1.59395198
1.67322460
2.73400274
2.46189789
1.67732683
2.02276502
1.62848707
1.64673273
1.29649069
2.54322898
1.84189434
2.26627837
1.90446338
2.22952361
1.18148091
1.78920897
1.84406149
2.50790116
2.03929941
2.27721044
1.66908401
2.05433937
2.29242796
2.84523904
1.73229345
1.67953605
1.99995781
2.16574954
1.24346232
2.36915244
1.84445903
2.52148289
2.76714860
1.91797403
1.96797832
2.16045713
1.84781075
1.68433572
1.82270518
0.97367881
2.01042473
1.49436764
1.69622502
2.20759870
2.22205641
2.19170882
2.10819146
2.22946958
2.33784066
1.77053273
1.87299103
2.83905130
1.63919751
1.94727560
2.43945009
1.85823669
2.91220867
1.78144462
2.95436993
2.18221201
2.57877328
1.80938396
1.71493785
1.76250918
1.62204860
2.02476194
2.02760342
1.46599808
1.99897111
1.89164936
1.03097805
2.15973201
1.77221269
1.51162986
3.02734335
1.96391205
1.98030567
2.09968816
1.81766962
1.35215022
2.23501771
2.47794648
2.52485357
2.39634924
2.10368309
2.18358819
2.11977157
1.40840089
0.95227697
2.25438899
2.25366910
1.28821359
2.47263395
1.43817301
2.90478196
2.22824668
1.61230799
1.96975899
2.80804986
1.75842073
2.31909161
0.89900614
1.96978439
1.74623761
2.15119213
2.66795314
1.88987739
2.14084437
2.39536198
1.57622863
1.97308121
2.60425702
1.54004206
2.53874253
1.89181603
3.13915656
2.05325333
2.25932109
1.72385317
1.41263481
2.15217692
0.98610626
2.38021076
1.60353472
1.86018559
2.34142521
2.15567268
1.92280440
2.10124904
1.74452457
2.48552747
1.33127710
0.83542827
2.99348986
1.73962140
1.41699367
2.03575216
2.13188984
1.26664974
1.59591076
1.56739618
2.47961455
1.81687035
2.33535263
1.34449247
0.98262657
2.06609121
1.29422538
2.90345879
1.59314497
2.23513821
2.30584074
1.67086551
1.10209647
2.33049938
1.95491203
2.08776879
2.25027840
0.75191649
1.53657662
1.52503090
2.58442392
1.63112721
1.54583994
1.76927917
2.30728951
2.08606702
2.42508543
0.78721200
1.55356149
1.66167712
2.33996949
1.93882324
2.34546249
2.54575855
2.09474789
2.28466784
1.94282954
1.96843807
2.32729309
3.11215502
2.33352555
2.13052176
2.78960301
2.59093796
2.15108868
1.79982596
3.09728610
1.88434984
1.54878579
1.94209129
2.38326440
1.13548941
2.24639694
1.68775274
2.24489049
1.16956015
1.81183781
1.61640020
1.57883674
1.91615832
2.91933652
2.12787955
2.60801339
2.55881054
2.57290075
1.46778265
2.91954600
2.17152384
1.92645498
2.28311885
2.54050030
2.10606685
2.28462621
2.18692657
2.52523033
2.56059096
1.58618734
1.63890120
1.31653771
1.57638972
1.03613267
1.54980222
1.74512968
1.55173925
2.32466241
2.02835715
2.54734761
2.44044930
1.89030218
2.63177442
1.88145455
2.18879562
2.63368920
1.40159829
2.11640447
2.40639910
1.97948306
2.07234150
2.37698156
2.54138851
1.56450183
2.33442266
2.33629658
1.76545382
1.87444472
2.03860002
2.91547857
2.42010991
0.73370293
2.36262332
2.08317994
1.14321813
2.42181604
2.91933737
2.53265955
0.95652096
2.59832750
2.17099700
1.68806194
1.59358640
2.10514195
2.06682740
1.81622724
1.48128144
1.94851048
1.90396235
1.70859589
2.45965777
2.44685607
2.40746657
2.48619243
2.17301953
2.88049116
2.39522855
2.84295609
2.48372914
1.65701422
2.04265903
2.02412604
2.56052531
2.45202477
2.27536726
2.03231225
1.48570047
1.56101856
1.82497574
2.24493395
2.01481124
2.13722657
1.90363767
1.66412940
1.91499484
2.91665246
2.42023169
2.51098402
1.61519808
2.62419610
1.18537825
2.01268935
1.27042725
2.03243832
1.41435662
2.03626569
0.88853448
2.16899180
2.05568443
2.47143294
2.15198314
1.83489784
2.26178035
2.38449658
1.84579274
1.98967735
2.04062967
2.22935162
2.16207059
2.48478132
1.81947672
2.88905915
2.34064016
1.86964170
2.04980419
2.09181977
1.84409127
2.09462744
2.19074175
1.80119331
1.89995861
1.91511948
1.25135319
2.03369182
2.29544816
1.08894159
3.61215489
2.05323753
2.83496769
1.64386531
1.49683941
2.11255243
1.45064158
2.15793208
1.69716871
0.93828793
1.46701314
2.26407880
1.83397753
1.86192426
1.81354499
1.34748025
2.48488291
2.32743758
1.57504407
1.50792252
2.63814984
1.64014367
2.39213755
1.81100315
1.96823698
1.51199773
1.24853257
1.74750428
1.27987427
1.75700072
1.78183234
2.21843408
1.58182318
1.87342355
2.44025996
1.98503381
2.07815806
2.26139544
1.69859897
1.75093918
1.21575533
2.45609758
1.87518069
2.86223709
1.56831657
2.47933057
2.39382681
2.12578416
1.83918313
2.11381646
2.08152485
2.12642548
1.61721998
1.68767913
1.71014263
3.79201644
1.95652754
2.15553240
0.75170731
2.15117493
2.11924199
2.17659474
1.92700528
2.43802879
2.87776072
2.39991853
2.32828315
2.39325068
2.42020515
1.96234502
3.01182441
2.67876966
0.90590734
2.38626281
2.12995924
1.03905807
2.12730574
2.18359100
2.30969575
2.11518119
2.46165895
1.56189141
2.00919262
2.42171870
2.18671440
1.20849145
2.14120375
1.84196326
2.27642121
1.99902104
2.01104449
1.64347160
0.99420535
2.52323032
2.75555429
2.44266863
2.36869711
1.94722196
1.55059537
2.59604209
2.22303557
1.68052221
2.46900364
1.56178706
1.82507336
1.82394660
1.02964905
2.15959926
2.14916349
2.55770909
2.69971446
1.91979683
1.95049477
2.02059822
2.48871270
2.57097444
1.91605000
2.28943928
2.18624013
2.26672086
2.41220833
1.74905270
1.45620050
2.71513467
1.62297839
1.66432452
1.48126527
2.15969906
2.29227389
2.06476150
1.75375578
0.83738901
2.16279795
1.91788751
3.17124973
2.13823587
1.51974015
1.90688846
1.60203608
1.89695481
2.47287480
1.62344712
2.57831596
3.17606187
1.82277009
2.14935193
1.73735420
2.19129597
1.99576087
2.48447559
1.92995027
2.86240876
2.03054290
2.31446875
2.29403004
2.21882386
1.94821900
1.58716074
1.72800344
2.99960323
1.86078597
1.94456962
2.48375190
2.07826541
2.03115716
2.38005847
2.34524025
1.13309859
1.26686441
1.88548898
2.16721209
2.86946171
2.68675124
1.05293944
2.08443566
2.14193845
1.95992887
1.65990622
2.44852667
2.13956681
1.71040341
1.95995330
2.34759681
2.69656534
2.89689199
1.51259373
1.58611424
0.60014564
1.36497250
2.09991503
1.96283109
1.36630074
1.87439004
2.52884263
2.68208976
2.27258986
1.92280174
2.29989099
2.54856499
2.20537610
2.78362037
1.31720200
2.86848816
1.71436083
2.05817478
2.32570695
2.88152845
3.07307720
2.14537872
2.88128688
2.50014006
2.08061220
2.19572837
2.77586917
1.68221738
2.37745935
2.75857915
3.21343472
1.92419859
1.52787234
1.83540136
1.95841563
2.40135801
2.68099629
2.11199428
2.59509107
1.56373958
2.06666971
1.96451865
2.49247070
1.81863383
2.01790750
2.22830647
1.82175134
2.01399672
1.77093095
1.66444892
2.17571460
2.56294671
2.19677990
2.46733802
2.67468504
2.51580968
2.30189553
1.86693561
1.60453817
2.37598176
2.26138381
1.50812778
0.98153869
1.84819988
1.71223990
2.55210197
1.67293927
1.65457863
2.38027930
2.22123773
1.87892273
2.24129742
2.25314252
2.26944574
0.22623390
2.71188294
1.23461760
1.72800422
1.66421085
1.89047795
2.57612153
1.75485944
2.53143688
1.81718993
1.98353939
1.54272557
1.00423854
2.10357029
1.97656029
2.13160406
2.17821322
1.82852345
1.01010659
2.38630560
1.74593933
1.99114287
1.99741066
2.60609680
1.59910437
2.23316779
2.15134284
2.02345396
2.23317149
2.13421573
2.14483666
2.20311585
2.43085350
2.10439142
1.92978709
1.67743917
2.26466411
1.84191695
1.41305180
2.74127218
1.11020419
2.02422493
0.91486565
1.98159976
2.04696041
2.68152212
1.46921803
1.92678063
1.66797752
2.19224188
2.50745768
1.82235412
1.49723375
1.26523168
1.65667728
1.93650590
1.65352093
2.05293178
0.92669408
2.30343958
1.78321400
1.06797031
1.64164753
2.73349532
2.00484057
1.83718894
1.53650397
2.10261836
2.93171049
1.90962823
1.35222312
1.30836594
1.57372444
2.69269276
3.48130179
3.12823744
1.89436996
1.75241334
2.06691745
1.66112570
2.45000424
2.27618048
1.30706847
2.26898900
2.75854665
1.89496869
1.71522019
1.48698382
2.38944960
2.63461805
1.66788742
2.15056720
2.01051056
1.23956226
2.86864330
2.10475700
2.04331100
1.65668680
2.72681690
1.60248579
2.27499284
1.65146060
3.28549484
2.96412353
1.74559910
2.30449945
2.65163332
1.46765855
2.26497222
2.59944788
2.15202683
1.98449890
1.78288632
1.51064782
2.48535332
1.72705593
2.03247387
2.10553428
1.61941349
2.38187154
2.61358332
2.05692157
1.24739834
1.46873703
2.08511465
1.86430229
1.59125489
1.43656338
2.59724157
1.90915082
2.94530621
1.96983804
2.53078627
1.63373681
1.90962069
2.43013497
2.11784648
1.45203344
2.00256822
2.27417671
2.24019727
1.76974882
1.50174053
1.91483841
1.82316534
1.75649722
1.42271746
1.91598688
2.69486160
2.52125968
2.68603384
1.60384479
1.63925152
1.69227313
2.87786217
1.58118633
2.38002950
2.52321374
1.64279964
1.94252207
1.92856274
2.73960936
2.02165030
2.39592696
2.18038714
1.69100684
2.35201887
1.64103775
2.28085651
1.52855305
2.85090238
2.56415779
2.03536789
1.84887204
1.58533849
1.95867340
1.41805960
2.37138343
2.34292695
2.64313882
1.55466920
2.27854935
1.75075881
2.38329055
2.52612242
1.68901646
1.57561796
2.07910301
2.65058603
1.50817368
1.96069107
1.91716276
1.96851299
1.91354178
1.56626180
1.33026092
1.53650197
1.92323928
2.02104562
2.18689043
2.34207077
1.25229094
1.96139032
2.37365105
0.93154329
2.80844502
2.89543021
1.95776131
1.04812144
2.47631771
2.13232409
1.27475681
2.22880350
1.48267438
1.30627568
1.81640385
1.78504478
1.36644249
1.74342872
2.45808205
1.80057380
1.80938819
2.95951085
1.61283849
1.99717283
1.69202054
3.12028885
2.57928000
1.92170052
1.83343777
1.89564276
3.15816009
2.63378687
2.01557907
1.20947148
0.58922681
1.95050983
1.49773539
2.14567390
2.55017597
1.65500855
1.84215324
2.33272642
1.80658992
1.26487360
1.96951595
2.16677725
1.49794824
1.75897024
1.08221304
1.99165374
2.24596533
1.68521333
1.72087632
0.93093181
3.45514859
1.12400279
2.06445540
1.57508286
2.51443547
1.14117471
2.44691075
1.58820003
0.87438408
2.20901751
1.64660551
2.60037311
2.47712293
1.25206703
1.99653417
2.52426440
1.84452071
1.71697991
2.16761407
1.94456809
1.92039494
1.98579661
2.09483833
1.34220540
2.15758297
2.26233089
1.25054670
2.11914923
2.70997164
1.57790014
2.64330373
2.76625779
