78.10342674
85.73204703
91.70415949
92.81865565
107.71966101
82.47730833
112.85436188
96.07596744
104.39382847
82.53743152
107.06139304
108.19982250
117.47882024
111.61664234
102.13101951
112.22419289
101.77477930
90.70284323
104.28061595
82.13934673
93.11855282
130.37825481
90.07734724
101.44010435
103.92812850
93.44714753
99.52251178
111.44347827
104.88430859
104.19200066
108.96321954
116.30665364
104.26730965
89.75848214
107.28616322
74.87820581
112.49753436
108.42958783
95.76925834
92.51311940
106.14367317
105.26398981
104.38622798
95.51767354
127.12604063
108.56668552
104.08751806
99.86353208
111.76303562
115.29130885
96.15171463
99.21213343
98.30125068
90.18731936
104.16304215
91.74950831
99.86666648
86.89911591
102.22124039
114.50575338
86.51911720
107.93575260
110.25053291
92.60309868
89.18269039
108.59252026
98.05828282
107.89120584
105.91659159
103.02196875
87.56148523
94.19986198
97.73654956
96.43881271
115.37938147
101.47125350
113.20507268
108.56488389
87.69993837
87.01916861
95.67092479
101.52131057
99.06905419
99.75547291
91.97696328
104.64745860
97.51573310
114.06007485
90.63490141
98.34065220
103.92732071
106.83381460
96.00554195
106.79509982
105.14206668
100.87221207
112.86989328
102.98650414
106.70089732
104.72403351
76.10444650
106.58990501
102.75861691
105.98692619
104.07930258
101.08847081
92.48528076
101.08996158
103.56416973
127.93442626
99.71651415
87.31797365
106.82969444
102.08171365
88.24881054
108.98456001
96.05603765
87.98122408
99.65680747
107.80633962
114.13483885
80.45626699
91.87086576
84.90301268
117.26981843
109.22869044
112.27070577
79.25470254
113.59026814
86.11203997
103.16198505
99.49362783
89.19533792
98.86310402
113.19471291
110.42374962
91.02822367
109.90863590
98.78236766
100.85316510
104.73887392
117.17834934
115.39537548
81.16178138
98.35400435
115.26892833
100.68599879
103.08676877
96.58231896
103.50400367
92.61268269
106.80330821
98.27234309
101.93156673
91.53230212
104.41740308
82.34810165
96.93138582
81.05136780
92.12800631
104.93654167
97.62471061
100.71739861
95.03972344
126.20359939
110.79939101
121.40014872
93.14560265
93.95755957
101.22227239
112.02430445
88.32477547
81.83907590
109.46914569
91.48307313
103.54106423
94.77742271
105.60808201
100.52226329
89.19521641
89.42974079
104.41225104
104.63879806
114.57372044
110.93390079
96.97211840
103.55151024
111.94131648
106.73899945
100.79593996
83.38759474
100.07632156
70.85564661
107.70178111
97.62286409
90.89270562
104.59277074
109.79466236
88.29691058
87.91467419
84.13949115
90.44160002
101.40656239
116.96450428
97.91436599
114.28609212
98.37728281
87.21577119
97.99819137
94.40004544
87.21453810
100.90732457
95.45742910
89.37142945
89.04079486
111.69992333
91.65600134
90.93463144
96.44553170
111.83451224
88.60203545
88.59823342
89.37281712
91.91115285
111.77929531
85.23163137
100.81278452
88.93920533
93.98194652
100.80330261
94.97400059
96.47780800
105.62234848
94.24789066
84.33185193
97.06717030
93.71056110
85.32510170
100.90444757
97.98719499
107.36770137
90.94477162
95.85934291
106.35756353
109.62363416
115.54462655
108.66278628
92.66218399
94.05582530
110.27238669
94.45500847
95.27688936
110.94916921
101.75055658
95.25395207
93.79718758
92.19484516
109.78002513
102.00748302
99.13777639
99.35513226
92.03691613
114.62112050
93.59917805
92.95388067
90.95955320
93.05208611
97.04438677
100.86923839
101.16841313
92.64147065
110.78298976
105.16620577
98.01407994
89.51261308
99.65326188
96.43594426
104.77278027
106.06393621
113.48096199
84.82034730
108.37595716
110.52635770
92.86287695
101.41933205
99.10587117
82.98258986
96.31509878
118.51831713
89.44455718
98.52597036
124.01300350
103.43062675
82.80559551
84.73339618
106.41911278
121.42712762
84.34533233
109.38599236
115.23745659
87.14608045
98.52669116
94.27505291
93.17081095
79.69128008
91.52077720
93.06499077
115.55264308
110.54007335
95.29360599
106.81317462
85.71916613
88.76694031
110.39684043
95.77940644
117.13669482
117.03526910
105.72934099
103.02929927
102.78101999
105.43923510
110.99623676
90.76347076
71.70574685
116.94312379
89.70341878
95.25227580
98.44970997
104.12852393
97.20911669
111.90410656
97.49535708
93.32590276
106.64297967
81.30448847
89.87072062
102.58434940
104.91474510
87.12133720
94.02237620
86.41221906
106.58084331
112.75336136
124.08504786
99.19086591
105.10380194
104.18955238
106.07369247
91.52609201
113.04748312
109.22045738
107.24192027
103.29704959
96.27028799
96.19681848
102.26781239
97.94092119
128.88538303
111.05714302
98.55233951
89.05406852
117.83173236
100.65809207
94.80646724
114.57365538
101.11267348
104.26308345
83.22971517
87.07537217
81.32504247
103.13063455
80.74063278
96.86944455
89.75032319
83.65504238
88.17125773
107.91783750
81.05362166
86.07160501
80.47911726
105.50975551
101.96237797
95.99818362
98.26984816
95.09615913
93.98283030
89.96376307
93.15671098
102.90898028
110.08786256
93.36865373
83.09030954
86.96064561
94.37339776
98.24727524
80.52138484
95.06091723
92.18272549
103.82156085
98.31845778
94.22976192
99.02859952
104.85764985
88.99920649
98.04265469
95.93326263
101.45296230
83.21153054
99.93855382
107.16945466
101.06174578
106.40233708
122.19578748
81.51034956
101.50656715
117.28879351
82.75528714
109.50823996
118.15393283
112.00186608
99.50298670
104.47223960
100.65412720
99.33114478
111.08888268
97.81540516
91.32876944
105.87491242
105.07806135
119.32303234
105.41260081
102.80936377
100.50645439
97.88021922
112.46007428
96.67510233
120.06728195
105.61546971
100.44444415
107.80725552
109.12937512
92.10964011
103.67668660
93.64462695
111.01869188
104.09940667
99.28003860
97.12011341
104.04130322
110.09862759
80.00065287
88.27769811
86.82543100
92.85286093
116.10743344
77.72948394
104.24365861
100.71380624
95.92960110
104.43470104
101.99924699
91.21248816
113.59854898
96.56907684
95.52233213
96.35987095
114.02307879
97.66052746
90.23943105
103.78287243
85.55822668
102.81453332
120.52972650
93.34476113
95.23284840
85.95214991
88.87847167
105.33092557
102.50041591
106.82565128
101.84798023
88.89855520
117.77361281
106.43369955
100.55521135
111.70766412
100.85907739
81.21959196
112.75959491
94.47494791
115.25632065
79.45126968
107.96385731
111.16822558
101.31181647
112.78359226
97.26917410
100.68057380
93.25155822
100.14475173
98.46512654
92.88830208
95.16940158
105.63268822
107.02719568
95.80576559
95.38166255
103.40465587
101.42774069
108.04609039
90.38838919
119.17349837
107.68724262
96.93512070
94.38867523
61.27630761
104.16213991
87.01117121
106.32770519
98.07376093
97.62454014
96.37710166
101.67008283
98.13977594
93.26463748
128.09658473
96.53115071
89.86160212
105.15167543
99.23199566
111.17953576
95.92871561
107.23346240
94.45494005
123.02047715
103.42001302
120.19752420
103.84752647
108.73878863
103.03754040
101.46570891
108.91572473
106.89996816
95.92246057
104.45936618
117.84039740
94.92030664
106.48287676
70.15227427
113.82719854
87.90349130
106.86979282
95.90136007
98.56781134
99.02008601
99.96946513
80.39346280
98.08157418
80.76785936
111.01668890
100.70676491
94.99607944
100.78452044
93.02226768
101.85367304
101.78117808
109.40873381
85.48578795
117.90074454
95.41939041
107.31834790
91.95894702
115.62635087
88.10874308
98.91431262
109.00197288
91.27031047
94.63384847
90.82187512
97.16634246
103.75978668
107.57733211
111.09606618
112.79322342
100.85280306
83.06909675
102.62749730
105.73659880
102.72971044
96.14270745
109.10320955
77.32030965
94.76941425
95.65939600
103.71429504
89.84862779
100.44803310
108.99970498
90.67730485
100.19444003
96.42671127
109.09620154
83.81349355
92.31269373
95.10527515
100.93810901
99.63201532
116.88172719
113.09127874
84.40510565
119.18567392
92.69067770
120.89620937
114.25739180
92.02779378
103.86323315
104.12976915
104.73386295
104.11541966
95.56545261
91.02097213
99.63129673
78.92508769
88.62729341
83.09407201
108.35228564
101.46110451
107.06861323
73.95401179
102.45244485
103.57525361
95.28564733
108.55090213
100.56074701
76.29091667
94.26432364
95.46971277
101.37653132
102.31607160
96.81295374
100.49048174
105.15619855
102.62739136
112.18905570
87.06245800
99.70941895
98.55421426
100.31345166
113.26578331
101.30881854
98.77092327
106.19796742
100.83245333
103.51342370
102.73881355
95.80316130
97.44716730
102.42124764
108.97330216
110.99529337
113.11626053
94.96835095
102.12282783
99.24937615
87.83294338
99.34720767
87.29763273
97.09243459
93.15535429
92.54468049
105.01853274
94.04232711
101.89467870
86.74699485
97.01831994
103.36983217
125.73039386
107.48746815
109.36304287
110.31150088
107.45734797
101.53154551
98.53055593
102.02709929
107.20225369
107.09664488
104.22650967
86.57108279
93.63882162
94.20552267
105.49026858
91.75083396
95.23013777
93.63910464
108.70892532
107.66007091
96.66495473
98.75953603
98.80213425
107.33468955
102.07301926
100.77555912
106.81841781
110.60221319
103.91128238
113.06975488
79.55228209
96.64970652
93.26854465
104.92668880
104.56477891
97.41111032
101.11489639
105.19568665
107.00731758
95.87110994
82.94789127
103.56260043
107.72115494
97.94960890
96.30433090
92.67119777
95.66640233
101.59991811
91.10232028
97.88363516
90.61544426
117.80126926
119.42405588
105.96511426
94.10915446
90.11600354
101.82483623
89.45060961
99.20652013
103.43891659
96.32524605
106.38653355
90.09584513
106.11937824
104.05074856
111.83925785
101.58210943
99.22555063
124.16211046
96.48463910
109.45644709
92.12480268
109.67664494
97.71750611
90.60838998
123.10457041
88.32876458
109.15148301
96.83089974
101.86870697
100.17581030
96.48426730
102.20530576
93.59299697
99.00950430
107.67611944
107.34970118
104.71482418
106.96593130
91.21602958
80.44522571
97.77145168
98.09990306
101.34038869
93.33286944
99.30962742
101.01737074
97.20654013
100.28374655
112.92624431
92.82913754
93.71158722
114.66006018
106.07525073
90.64106088
85.60095635
110.98627544
118.64834468
104.30037806
84.60472878
101.08666659
85.70816581
99.14961648
99.07414239
115.14641082
85.34026397
102.73707311
100.21726223
80.17370096
109.97636853
94.70560337
112.19459403
100.96869561
101.55988591
97.71338441
91.11439103
95.07229438
89.79297774
92.40071118
101.26492799
81.94207557
92.98261725
90.12759422
94.27231514
127.90818644
98.69327430
108.44082224
100.44955369
117.50104360
107.45459857
91.46016938
101.74350818
105.16785341
119.52367467
96.19668996
115.16449119
87.19067506
91.84702509
94.20543970
96.90170752
117.62247070
88.66111005
89.98664276
105.10824979
108.75173884
106.67148905
95.46154776
102.14973245
113.55340129
91.03948246
100.70253628
92.68244550
88.43692132
97.37594258
84.03789610
114.95663034
107.48312654
96.52942767
107.43011696
100.93989752
101.42466237
99.02818375
100.07026810
90.03653406
109.40500363
107.09105595
89.17303932
92.89796512
79.69721428
80.48133383
105.35724237
104.84589996
112.05837400
94.99315389
106.03753138
88.96871296
97.44220823
106.09366244
94.09148079
103.00292916
104.67931099
98.20064602
83.54127059
96.67576854
94.54536276
94.08545269
91.00595825
92.00282933
77.20334332
95.81303277
90.47307710
95.44925083
99.77108377
91.16886336
111.23383893
91.51996064
93.21378453
100.95887370
90.44997511
100.55578474
101.54827481
99.75669017
78.47542525
104.30449386
123.48928592
92.78089053
107.85485945
97.14046832
104.11505876
83.48241531
91.96250473
104.42940660
100.61162232
94.14444650
106.75081898
98.77851732
107.92881321
98.10320541
104.97121783
109.03165894
101.24949410
108.80714221
97.48158072
98.83084864
84.96203181
81.07572288
92.38983656
78.76325810
90.94146152
110.96171657
84.08741190
96.54339445
80.36612595
115.75109155
86.81379520
96.40168630
106.54487158
102.95540752
97.14149176
100.38812516
99.09048875
112.73332549
86.11516670
101.47902269
89.48754640
111.61066858
110.55711613
96.48851249
101.20682360
106.84569523
99.16942566
104.75149032
114.95500548
91.67115329
96.89451482
92.94330467
107.23025381
97.56931768
104.48408607
116.81387799
110.14893297
99.53136675
94.58927589
107.66666883
86.29721324
92.31435159
97.64934586
109.25884553
89.54525005
116.01393700
109.56271709
90.09424298
100.40754048
109.16022032
91.18726696
95.99783031
98.68769744
88.57747079
106.21472061
105.66797006
107.21464860
99.75303430
103.37384702
93.71828935
81.01690986
100.78292141
77.93823208
107.29620046
106.45404646
88.63342799
110.07119167
98.45327777
108.52569834
118.48390282
74.38102570
99.37184566
107.75264044
94.94858987
121.84363861
92.06652879
99.58229222
101.15389112
89.07378562
96.88076137
103.32596400
87.52161254
92.28798838
95.35241156
110.71249911
112.13633285
93.43936940
103.57907990
118.25335653
82.38553176
