-481.93548554
-472.60890242
-510.36871263
-490.36090080
-494.66715772
-488.96628705
-461.28735212
-490.34771078
-471.67289935
-498.88894101
-459.98151145
-527.28644204
-467.31786368
-447.44928561
-495.47890739
-509.37124761
-514.52343667
-579.77919608
-526.57670584
-560.96957063
-508.04808254
-476.49606035
-464.35986195
-496.58493102
-489.44114718
-526.00472608
-509.70206070
-510.68182485
-467.18795404
-513.15593474
-484.56527493
-491.87890756
-500.78728432
-469.22231477
-469.93330295
-454.73376012
-513.10960659
-484.56665323
-510.02846519
-515.68758047
-471.32091774
-514.47273935
-452.52519575
-451.15868466
-537.43897623
-478.57073097
-535.24954536
-435.07603920
-531.65067617
-511.28692528
-484.43321034
-520.15064906
-563.19121524
-511.46705644
-480.16867232
-495.65238790
-503.32876206
-473.76905509
-519.82435944
-489.10434435
-496.00813417
-492.62738556
-458.28308153
-538.35944134
-514.57399283
-509.81910299
-487.71469993
-474.44305617
-462.31818655
-520.34038233
-488.53484110
-453.21997862
-465.14218540
-457.19521455
-526.05951469
-454.09668568
-495.81743182
-518.39392277
-492.43014069
-549.75642880
-525.61165788
-502.17867523
-500.14636661
-495.70722055
-527.49388184
-536.16598927
-485.64743198
-494.28754917
-489.23839718
-473.99675385
-506.65208397
-492.82840968
-487.96376641
-517.57603549
-521.65507097
-492.26699502
-483.10896067
-484.78641867
-526.24302404
-531.92055923
-551.62069885
-512.83660613
-537.97657659
-487.41094380
-570.72524097
-501.73169443
-477.29364324
-473.18410034
-500.63086166
-481.31542217
-491.46886066
-507.23718528
-470.19854311
-503.38632983
-517.93695289
-482.53689985
-493.09648216
-487.42327307
-532.37075726
-452.37423752
-512.68205763
-487.23871602
-473.56461773
-458.03965320
-470.60708547
-495.77256226
-478.69875794
-498.12791514
-472.80724070
-468.12591661
-450.85496237
-514.22633126
-519.81337034
-546.89491539
-547.06257523
-450.92112956
-489.20709542
-510.72423647
-532.02863881
-475.69157416
-491.15224500
-536.60663618
-515.26372067
-507.79132304
-520.02047174
-475.47044487
-419.23677465
-473.38567185
-516.76485390
-515.44747568
-488.27561483
-501.60876062
-497.19611942
-537.59572988
-557.80370831
-525.16609671
-484.24166197
-470.21975713
-516.90669485
-575.28576358
-493.31100149
-455.43268398
-508.50863966
-556.04039660
-523.23848209
-479.45817258
-493.44856096
-521.21481798
-529.64391404
-484.83551463
-462.42023843
-495.83032327
-487.11259962
-472.85967050
-498.87317389
-513.08734310
-506.41523979
-508.45507773
-514.43078555
-578.77719811
-530.67318810
-524.61809871
-482.68700773
-545.18420354
-506.29982857
-515.85768892
-499.68718017
-496.03797734
-516.90473426
-476.17347559
-506.89366095
-481.21577754
-478.02343731
-546.55624518
-505.76884697
-502.32200857
-430.88855373
-485.63046087
-541.04518160
-535.47945941
-466.23497139
-499.68468024
-547.75602752
-479.41402382
-485.80621207
-536.27825663
-443.86825045
-528.91646265
-515.90467605
-551.98247417
-515.58611019
-517.87208477
-505.22445505
-521.19976186
-459.80700392
-511.03443279
-519.40108486
-476.16199001
-499.89030285
-499.21006938
-497.57732671
-509.23710992
-477.11171132
-452.81196464
-494.02405002
-521.35625624
-530.43875420
-465.98607260
-459.89700992
-523.25475093
-548.18657973
-485.75395004
-459.94462878
-496.30142824
-516.52791335
-492.41744181
-487.74510224
-523.92850286
-490.30377015
-500.59978338
-487.45830914
-466.43380254
-557.72458276
-497.66770383
-488.12201164
-520.27354803
-539.13206570
-456.09271860
-524.28634287
-518.18445878
-502.92627135
-510.97035041
-537.06292678
-460.29525186
-469.42414669
-470.07087768
-500.79036501
-523.89518739
-474.51550917
-513.97654816
-479.32834770
-495.60743344
-497.87167134
-487.54636973
-465.78158815
-494.36185504
-519.36577009
-488.67047383
-466.33922244
-469.20862400
-515.62033081
-491.41794598
-488.37456960
-485.74910134
-457.07829608
-520.45228182
-447.57843597
-487.45252293
-503.88171499
-524.28545636
-497.08813263
-539.81423443
-495.23335329
-490.78990780
-491.24677466
-497.44693307
-487.52858621
-508.84879223
-487.40215200
-544.10222550
-440.75327520
-514.28493085
-515.53631750
-494.80251378
-520.24860913
-507.95826396
-509.97636836
-484.31189589
-471.96601422
-533.52821000
-470.81390830
-529.80773531
-483.41531930
-467.77311970
-479.92415346
-472.05093083
-505.29607086
-506.49000452
-498.08168324
-539.78044002
-455.85498744
-530.50840633
-483.31175971
-507.11765283
-500.09330199
-510.92145114
-495.79836227
-521.05928818
-455.82425089
-456.69068999
-536.33836806
-527.81524474
-483.76525956
-544.45547457
-519.29558309
-476.67389421
-524.29518220
-548.47404315
-462.31995434
-516.98262110
-522.08636298
-518.25801829
-477.97756573
-521.04269910
-540.16918456
-493.16925874
-485.43717281
-520.39568501
-470.24838815
-498.90224886
-520.47259052
-495.40885797
-480.72058923
-511.51649998
-501.20098866
-494.59149566
-477.98560512
-536.66892966
-483.49862064
-499.92048168
-500.83921435
-496.50913376
-502.14822006
-461.07058537
-516.09929093
-539.47725751
-462.78573618
-473.76353487
-512.66236687
-489.29540783
-458.06104666
-526.58494234
-505.97444494
-512.29466171
-524.78412816
-492.81484627
-533.90787823
-475.19947438
-545.19923157
-460.76830301
-470.06161201
-457.46690574
-504.36013019
-462.98682696
-522.86739991
-499.08649843
-489.14285866
-438.96608130
-515.37995069
-521.61001176
-531.26477463
-502.47401390
-470.96263569
-538.52953603
-525.62511786
-516.03882036
-515.93209041
-480.32633080
-499.84352064
-523.67254699
-510.57734328
-498.50491796
-495.29307350
-485.00847571
-569.22226756
-523.57257512
-550.99904972
-560.82082424
-524.93949443
-488.93506746
-473.34395482
-509.60121219
-508.82717078
-524.75863681
-500.12616661
-496.45995152
-475.50716055
-456.88692690
-500.47013993
-518.78083870
-497.74995249
-481.42190424
-494.17199137
-478.07221357
-538.55761380
-508.65726143
-566.20708747
-510.50827899
-494.49563123
-484.95672923
-454.99537324
-473.56079533
-450.41338380
-459.79250946
-460.62084326
-555.96853889
-488.89601817
-467.15545459
-444.34814545
-484.04837189
-519.59369057
-520.60679327
-512.51163197
-473.10590967
-530.52966034
-518.48272710
-477.31289561
-504.22789007
-520.10115525
-501.51370093
-459.15587601
-484.03904962
-488.31277453
-505.92305167
-481.38836484
-506.65528941
-521.16230223
-520.98972032
-507.85206998
-494.95086672
-455.94064835
-529.79120639
-480.79446273
-522.65105644
-512.65641753
-514.90108454
-517.87408965
-469.13102882
-542.38444247
-537.38511092
-498.61740500
-522.73910230
-459.67892889
-509.84371899
-576.08209654
-475.03413987
-485.51803050
-514.11509420
-487.00454408
-496.29493380
-519.05130948
-527.80348270
-450.13096265
-458.12415355
-469.31575640
-518.04793538
-490.71385889
-509.67752926
-453.87908301
-470.07431071
-466.17894233
-549.02422463
-522.96287377
-517.89539149
-517.17518381
-522.03224572
-496.28567289
-475.23011537
-496.15180021
-461.43863119
-578.01311392
-453.50514619
-537.78061946
-451.96443902
-481.84996275
-495.93465589
-542.80417236
-522.17977837
-529.22701106
-534.87432920
-454.13343380
-533.34133511
-472.61333278
-515.00058088
-485.37592829
-477.73897673
-531.72641785
-464.33773842
-481.66499846
-530.79614440
-533.64755556
-475.17742479
-450.42473288
-490.22121589
-471.11982585
-470.53463971
-515.68704172
-489.36477943
-549.28850284
-515.66301369
-546.04623670
-513.35349304
-528.47614773
-468.94832586
-494.55419176
-474.56908138
-438.65476875
-483.77877576
-453.55966641
-446.84191575
-529.14422190
-481.66205793
-511.93400806
-503.21225101
-523.16651999
-483.67058932
-482.06645769
-486.70031134
-500.26096426
-479.86957859
-477.74293725
-490.15596244
-521.35244321
-481.91474064
-496.75003499
-476.20394729
-441.38434660
-459.69351266
-534.12912286
-473.39872011
-509.40316927
-476.51816479
-491.92612221
-513.36401555
-481.41701466
-529.76766672
-500.32984683
-459.54854651
-446.73000357
-536.43996576
-523.57571381
-539.92362515
-515.25778809
-504.19001242
-516.29841603
-481.24508519
-506.76293431
-534.07026810
-443.54178318
-495.18580893
-534.68044371
-600.36300299
-549.66629421
-486.07287649
-526.18570730
-461.69537803
-531.00859557
-539.49056152
-487.60706557
-550.45150062
-463.28533609
-431.95426109
-432.50840116
-543.65339159
-541.87174901
-478.64093316
-527.79799266
-513.79009961
-484.06183611
-520.46980699
-519.15890540
-494.92474313
-523.06008864
-513.97997518
-499.37780156
-522.33159894
-535.88324448
-483.91774961
-488.35819760
-531.47194395
-471.99572462
-451.50555422
-467.61074616
-478.90825701
-541.07684387
-512.75698387
-507.55999908
-578.25045591
-478.43231894
-513.82419385
-479.73273573
-492.15398775
-508.24886506
-505.38822532
-555.57866626
-499.31874887
-499.46216520
-505.81484084
-490.40580511
-526.72182164
-547.07457923
-486.88224501
-486.73620652
-494.16541464
-545.73116547
-494.22127272
-471.11116744
-511.86403623
-515.54703978
-485.27554551
-498.46351341
-512.17267702
-499.87356137
-506.13677140
-492.69836512
-493.61288991
-532.26916120
-524.11641474
-495.90634986
-455.38346761
-493.19259411
-465.17096090
-463.55542007
-482.98404218
-544.19479141
-490.03118392
-465.62378250
-461.97966587
-520.09958219
-482.51702748
-534.10355488
-494.76931592
-510.95075264
-488.78579403
-451.16802825
-475.95970996
-507.69925316
-503.91369170
-480.04988359
-509.62251013
-492.48739622
-461.45265647
-474.61988904
-487.99223364
-540.10095693
-511.76408908
-516.09077198
-485.29362085
-502.87626671
-524.54783249
-510.87310175
-521.79288742
-478.63267851
-511.62095761
-516.33228975
-511.50756033
-520.25693664
-467.88179458
-497.23751139
-490.04591565
-510.62355208
-514.98287187
-461.37515528
-478.54794592
-493.68853481
-476.99191507
-534.42411839
-506.65775892
-500.45454119
-499.50071034
-540.37276250
-519.72914960
-535.30858796
-505.61770784
-487.28593955
-514.13790253
-472.05792653
-505.80021502
-489.72091705
-500.94784122
-485.53572898
-469.95919422
-473.26862399
-531.15395271
-448.60201530
-524.60652242
-452.27319802
-517.65106792
-527.50695967
-472.48718594
-474.71734712
-509.15880699
-434.66441110
-508.41060657
-499.00178221
-478.42079736
-522.95051994
-503.03748008
-537.68509808
-525.07993706
-521.19994624
-520.60437794
-465.29068946
-492.32060021
-486.41054661
-537.46406605
-508.73796210
-484.67094007
-524.14205416
-478.52275456
-486.79051013
-486.16685923
-453.05954655
-507.32498473
-525.36116491
-509.01393404
-537.19833738
-505.72446944
-504.14314389
-474.50341063
-490.90490627
-502.79653886
-507.01796362
-452.04527253
-425.91093874
-497.18692517
-505.41400754
-504.84202809
-497.82282991
-487.26550368
-485.80345175
-517.62630721
-509.48156983
-464.61436395
-496.98161444
-545.31227316
-505.55119063
-528.25458400
-478.36567954
-521.25539597
-529.82176743
-476.08779388
-498.84824931
-489.71980577
-492.31794150
-551.91569411
-490.57999718
-533.21630503
-537.06881080
-513.70954893
-467.49751612
-459.88169110
-475.72720155
-488.82607005
-490.60051919
-513.03896019
-471.34477446
-435.68818830
-486.59245276
-498.52415143
-502.45910042
-519.26709535
-551.33722918
-449.90173263
-499.62659604
-495.85818956
-520.12281770
-519.92748401
-513.40143282
-480.15538076
-462.93882641
-444.87264288
-530.55722937
-472.68094012
-482.57337365
-438.78969060
-497.86868811
-526.82844174
-506.95265592
-515.88717171
-475.55945410
-474.39054113
-515.82850858
-509.64019726
-492.12841725
-456.82549051
-523.30573187
-497.50944522
-512.43130905
-534.41715701
-537.60516201
-528.59573830
-519.95440397
-450.29905397
-505.54904962
-521.81060349
-510.88793383
-531.62773023
-498.47390169
-507.04963128
-465.81402794
-466.52067698
-503.09639605
-529.06021132
-516.28639005
-448.40282143
-486.45414415
-489.98458871
-543.00331618
-467.56426586
-517.24594402
-470.66334191
-564.19468294
-485.62710392
-520.46434803
-523.61647627
-496.88371915
-478.96703916
-520.77202836
-573.41632870
-516.74885705
-539.90854223
-454.53813278
-517.96947952
-502.92913918
-485.48644258
-531.52730542
-557.92740132
-488.16366950
-491.32474691
-493.11327319
-526.87801629
-494.76542318
-489.11158747
-464.20261654
-493.53501358
-481.36417324
-444.97718100
-541.20675933
-465.17016701
-509.90836874
-436.28102914
-461.00356526
-468.82285380
-525.66091842
-504.17798513
-475.28644764
-515.25584343
-517.99358919
-513.73862700
-524.02959857
-506.69304753
-461.71971949
-499.05805889
-472.72118327
-508.10227325
-507.28247936
-487.38978451
-545.78411572
-507.36090252
-508.91010980
-514.08030203
-524.09397644
-510.23990382
-457.97145706
-530.55145349
-466.07588225
-534.27876631
-488.47557457
-572.41123288
-482.75566700
-509.15651616
-510.88630297
-538.18868206
-436.27028903
-500.58851697
-465.66946714
-532.64120007
-507.48322520
-515.16986126
-494.44885797
-526.12567734
-487.33455140
-472.83508287
-487.34780922
-496.97704670
-515.25884347
-530.63092555
-485.97550977
-527.16699210
-536.81655717
-483.84229219
-514.90468069
-450.73239203
-484.56267506
-480.17633703
-523.83398460
-448.04688865
-480.73515359
-499.50816530
-530.43292334
-476.51046678
-479.63423379
-457.35876273
-528.00180297
-457.76621393
-487.45709585
-498.10082235
-486.67105331
-494.57607670
-508.64130162
-523.71789473
-507.88914871
-539.82831309
-518.04174996
-512.74027775
-512.86054010
-487.43578578
-497.73391201
-515.96758158
-502.81016648
-503.48947893
-502.75154148
-517.97850409
-517.40032060
-470.03721654
-464.99592345
-535.67503467
-450.76714465
-461.93682141
-445.80634473
-534.34749689
-550.29036519
-474.44404311
-454.06750891
-513.65179583
-482.79173106
-496.27728988
-440.86753011
-494.54389550
-437.17908611
-466.77985078
-541.96550243
-522.30193608
-484.94950685
-541.78143513
-503.04332825
-459.48593427
-498.28119857
-541.99515964
-428.39244700
-470.71220198
-455.63461202
-507.90002853
-454.60951163
-513.38308816
-510.56520761
-516.97717760
-435.60091228
-505.43844275
-505.84390082
-521.10467742
-458.61181299
-455.66837534
-510.22694463
-519.37520780
-507.91579397
-513.47625643
-508.22274030
-515.81895632
-457.00575989
-516.35240744
-486.42851263
-500.24434413
-499.15548761
-472.51717267
-493.47373164
-463.14704764
-469.51754577
-474.31475122
