-1462.97561805
-1482.06916171
-1492.90882383
-1548.82571110
-1550.41113486
-1482.72775826
-1540.20704049
-1493.68379657
-1491.06573472
-1534.15243474
-1498.03169037
-1499.40341025
-1594.85338998
-1493.67099856
-1540.74296389
-1517.71160262
-1480.80283219
-1494.07507792
-1472.01216791
-1510.43639407
-1441.74884563
-1520.42444285
-1527.76307831
-1440.22571793
-1486.79584289
-1508.87231858
-1474.29244754
-1498.18264547
-1515.33158294
-1461.32939982
-1483.49635401
-1562.62782501
-1563.97068774
-1552.70054612
-1501.23999705
-1453.73017673
-1531.80658038
-1494.75146450
-1496.67004921
-1525.54684523
-1455.24171714
-1492.83110514
-1545.84028728
-1441.51094943
-1539.94277568
-1494.42341894
-1527.92726274
-1509.39204942
-1539.19810686
-1512.57359061
-1458.86224402
-1518.81612393
-1496.96805438
-1530.67024839
-1484.39258418
-1456.57032053
-1517.33130066
-1511.55543244
-1544.59996072
-1471.61058041
-1507.75710207
-1542.40907927
-1491.25028688
-1485.72976778
-1596.55855195
-1538.65975619
-1503.76226743
-1509.01435918
-1470.51708238
-1501.50133872
-1532.92896243
-1477.13571322
-1480.88125452
-1473.72421714
-1530.41019822
-1499.97206098
-1468.77988895
-1525.39903713
-1492.85264315
-1482.05937664
-1485.40812066
-1469.22491161
-1452.51417006
-1511.94856324
-1490.03272962
-1478.43777571
-1521.33766387
-1489.00425076
-1447.49144095
-1476.30994383
-1523.55086647
-1524.63541015
-1494.27228462
-1489.19219154
-1507.48769075
-1475.51782961
-1470.10528880
-1455.89508560
-1499.96248539
-1501.00801078
-1500.37256725
-1530.35150679
-1511.85411878
-1460.64688948
-1472.57500124
-1489.78748404
-1518.24900454
-1469.30204126
-1502.76080292
-1513.87234628
-1477.01807684
-1472.99439678
-1520.68898900
-1495.40805850
-1490.18960580
-1513.44489528
-1497.95124443
-1493.83297313
-1497.99065016
-1508.56902171
-1449.62850826
-1517.42101202
-1565.10825639
-1502.08943566
-1522.80113708
-1484.68136878
-1547.49029228
-1463.65958187
-1506.71478416
-1579.70991566
-1482.14507319
-1480.28205347
-1537.06800067
-1495.38207737
-1455.34760585
-1468.82156973
-1511.27568674
-1459.93801255
-1504.16684015
-1451.76865421
-1494.27809284
-1498.31929574
-1463.60092413
-1479.07888082
-1562.31039149
-1471.07556468
-1481.50570867
-1541.28102543
-1504.91256480
-1522.79688773
-1507.40824456
-1531.71464551
-1541.00940981
-1485.75833901
-1491.75401943
-1489.43641557
-1470.03154467
-1530.54709749
-1580.73423483
-1466.13684636
-1497.02975600
-1520.71967483
-1528.31804796
-1486.39283604
-1435.03453729
-1540.85820652
-1446.23554575
-1473.81490327
-1563.13912869
-1503.98893942
-1485.64434753
-1526.66030685
-1496.96270926
-1474.19829610
-1526.25257125
-1477.68853663
-1452.27113419
-1537.75378036
-1516.08061447
-1541.89163716
-1518.41679010
-1528.90135070
-1507.58502001
-1517.63566793
-1500.06763526
-1486.63852111
-1521.39903509
-1478.33140986
-1515.64775208
-1520.14200829
-1504.32480539
-1472.31791439
-1516.56043822
-1507.81162862
-1489.14994239
-1506.25525210
-1487.43079544
-1453.85182700
-1490.78665422
-1491.95534036
-1502.00680404
-1472.35450321
-1480.77177491
-1561.63642147
-1461.36133555
-1550.13435596
-1502.78545438
-1475.84530959
-1495.36537332
-1502.57657023
-1434.63303430
-1535.44540650
-1495.87585217
-1481.53648299
-1542.16991875
-1518.34951113
-1498.04068113
-1537.59047928
-1510.58548928
-1483.68079797
-1518.46810567
-1508.48265963
-1483.69335518
-1421.45502212
-1530.42998442
-1523.88244737
-1488.29386535
-1524.93715956
-1483.40224677
-1506.03132430
-1437.14204850
-1494.55093459
-1517.70287761
-1490.84545551
-1512.49990422
-1437.03655841
-1497.19534067
-1504.68701862
-1536.01033956
-1566.06829024
-1460.88704263
-1552.38287997
-1500.46324655
-1550.91828995
-1535.59167599
-1546.33059995
-1466.48470490
-1486.30497938
-1523.44002756
-1521.59174398
-1502.61167196
-1567.99954240
-1536.24709264
-1498.71681035
-1515.18412778
-1506.48819770
-1477.57289992
-1540.51976605
-1553.29466181
-1463.00719508
-1471.36017452
-1511.07994140
-1535.07642717
-1506.69366432
-1459.60573316
-1477.42942287
-1539.26816150
-1521.99505547
-1491.90798135
-1498.58503852
-1495.11559459
-1532.78436865
-1516.06449101
-1443.66606954
-1484.47387479
-1443.47334465
-1531.23870221
-1528.28281843
-1487.62773282
-1528.26009984
-1497.65605092
-1518.64420079
-1526.79832848
-1441.72052055
-1457.89379894
-1416.55184834
-1547.78570243
-1502.85290037
-1520.20865864
-1491.17386034
-1482.42536877
-1484.62281525
-1456.34948088
-1442.04585907
-1508.32883086
-1521.44765542
-1504.20436458
-1522.62424741
-1526.34214706
-1490.23015064
-1471.41096756
-1512.89050673
-1527.54234243
-1470.69696626
-1448.23425305
-1511.99979764
-1468.69473407
-1501.08075757
-1472.01689807
-1501.75995674
-1511.98140193
-1501.18911475
-1526.31912363
-1473.92218133
-1499.09785323
-1523.60521013
-1529.41350073
-1536.92615997
-1510.80435115
-1490.15751078
-1459.45920519
-1542.88201945
-1507.57623644
-1493.30832725
-1538.61984481
-1526.89778170
-1475.65228496
-1506.40537277
-1464.67881666
-1562.14575543
-1510.68252430
-1441.48464936
-1435.74927752
-1481.22041472
-1437.26065817
-1540.30615344
-1537.82302017
-1498.90657868
-1542.91255690
-1473.40460926
-1482.22755212
-1498.98419808
-1472.93324460
-1423.43233492
-1519.97308511
-1524.69347962
-1529.47442925
-1496.12580675
-1488.50408472
-1454.28244941
-1500.84148373
-1492.18488593
-1479.62451660
-1531.11888956
-1545.49910746
-1485.77922596
-1495.76488264
-1496.69004086
-1454.11576486
-1578.22955236
-1499.23094569
-1513.54669261
-1483.87818152
-1470.62735518
-1458.10978741
-1531.26335240
-1541.18853310
-1503.60666632
-1493.64963593
-1539.01570296
-1472.53979254
-1539.55240976
-1476.80114693
-1499.79410397
-1543.46121455
-1504.33259692
-1535.16994353
-1501.82055951
-1487.78727298
-1479.75066358
-1446.34788903
-1512.11671773
-1502.52081575
-1535.16448744
-1463.16109862
-1496.91055684
-1494.98949616
-1481.38359867
-1476.94069134
-1523.19220711
-1522.07002629
-1482.40450881
-1489.22549447
-1482.54588917
-1505.17136380
-1513.82897350
-1478.55696974
-1472.01067579
-1511.16333107
-1492.39872245
-1478.26036291
-1532.36183238
-1503.63203432
-1440.29885498
-1494.43549513
-1480.96853045
-1491.73919333
-1488.11911712
-1497.41457843
-1511.71943226
-1486.62338003
-1505.27268381
-1422.83904049
-1543.03682679
-1498.69695870
-1480.15434415
-1504.09826655
-1503.60328187
-1533.73922302
-1539.37720600
-1553.14027912
-1561.34627376
-1469.56912795
-1473.52704250
-1521.19633157
-1482.89001320
-1469.65456802
-1461.57121061
-1502.58297280
-1516.85485419
-1478.72281292
-1500.75168182
-1468.50559072
-1531.00645748
-1498.55934772
-1488.39381143
-1483.02827527
-1516.87810704
-1491.52868100
-1494.00520875
-1530.88343838
-1467.91557042
-1450.82388836
-1470.67871439
-1515.40326714
-1496.51969941
-1547.10777382
-1491.22022064
-1474.39345469
-1519.74875941
-1538.39075098
-1558.00476850
-1461.29148012
-1467.44224610
-1482.48493460
-1468.72500781
-1496.25444172
-1515.57276750
-1526.46106293
-1516.74896909
-1530.39695157
-1476.28191166
-1505.00083688
-1522.68484634
-1474.07357266
-1431.69861699
-1497.38077978
-1512.31361678
-1488.15183571
-1499.10218536
-1508.00278903
-1509.02599661
-1496.18108998
-1503.40367921
-1508.86763225
-1515.26957442
-1517.93502597
-1501.18021125
-1483.26186006
-1494.50598965
-1515.61498671
-1459.33893585
-1459.07383092
-1559.22792706
-1526.72248782
-1495.04810982
-1490.65077588
-1547.08776155
-1493.41058843
-1520.18957004
-1546.46643078
-1499.25763484
-1526.34181157
-1498.59719996
-1538.79955608
-1504.80196158
-1482.85339346
-1524.18124388
-1560.11251499
-1540.61119620
-1485.96240989
-1470.54000353
-1479.62352399
-1470.27437984
-1482.10453165
-1590.64572923
-1470.62508379
-1502.98218706
-1525.58529245
-1489.88764470
-1509.24117182
-1542.17561269
-1471.38659934
-1481.02205474
-1512.85788949
-1580.89559886
-1535.59191559
-1538.41457401
-1469.47060258
-1478.99792031
-1524.85786059
-1454.26541834
-1519.35466661
-1493.39442415
-1505.43246168
-1511.86999510
-1556.38110640
-1443.19433903
-1448.14092362
-1495.48176291
-1463.59108096
-1515.01747667
-1483.55000544
-1514.22475497
-1503.42321402
-1555.66851060
-1537.17684507
-1502.87513350
-1484.46612065
-1506.27657109
-1438.17724428
-1461.30986620
-1471.42754861
-1496.19623335
-1530.51429306
-1497.52880518
-1510.72010955
-1505.10617474
-1477.90557100
-1522.38120924
-1493.61281163
-1454.69162295
-1521.82061818
-1478.36161082
-1510.29753977
-1483.67552462
-1452.15936547
-1521.50870998
-1542.01849701
-1491.11531384
-1505.69274896
-1469.75660931
-1468.27115057
-1462.90061842
-1541.67914741
-1530.21410429
-1473.40377769
-1492.43861009
-1539.52161810
-1478.94568942
-1532.71511570
-1537.64291095
-1520.80667789
-1518.83343846
-1537.59773504
-1496.17620838
-1514.15408362
-1461.97882302
-1513.81831949
-1501.18634447
-1487.86959256
-1509.24393356
-1531.04009097
-1452.07682274
-1478.96245627
-1523.45608229
-1541.10409400
-1511.47219160
-1456.95743728
-1482.13702597
-1487.95837868
-1495.97298549
-1568.60984412
-1501.76161476
-1512.32233423
-1494.31237339
-1517.13032043
-1536.54694271
-1458.12467557
-1473.11777831
-1499.59665768
-1528.02571891
-1544.18717498
-1520.93335431
-1565.87206361
-1490.73359092
-1458.96072510
-1433.77974887
-1527.60739569
-1480.71231468
-1511.55277458
-1536.09969170
-1523.80903456
-1495.96232633
-1543.79605490
-1478.84513674
-1526.19440689
-1494.28316242
-1546.91123261
-1470.36671509
-1467.38294736
-1473.39246899
-1500.32939808
-1489.68843149
-1506.57893129
-1497.17087433
-1472.48349908
-1484.27069459
-1503.73728634
-1500.22763691
-1507.36478802
-1525.08035922
-1533.14448284
-1534.14898825
-1478.98258777
-1480.16463373
-1517.53346974
-1520.82428666
-1470.39451242
-1530.39079176
-1433.09088804
-1512.11966993
-1454.07478099
-1535.29664891
-1531.15673894
-1532.20833784
-1507.05296928
-1512.23384962
-1537.35808080
-1462.21834967
-1520.06910438
-1480.92187543
-1508.44578267
-1470.06355595
-1530.95285025
-1538.78722931
-1500.09291661
-1455.13143934
-1544.65726852
-1458.56074187
-1495.92187066
-1517.69815570
-1416.85404486
-1480.16761224
-1496.75167433
-1522.73959411
-1532.73050223
-1480.52465715
-1514.83722037
-1507.48071922
-1467.38848673
-1556.13255123
-1500.69815858
-1545.75375678
-1508.25812866
-1516.82360535
-1510.69572122
-1470.51815705
-1501.53275538
-1490.81986218
-1459.94491626
-1541.10515055
-1503.80000354
-1534.65437749
-1506.09522353
-1441.62040557
-1468.02483981
-1471.44682403
-1480.95617317
-1479.25761938
-1525.35147664
-1516.50866768
-1471.47395665
-1504.09303072
-1503.94933036
-1478.48264614
-1494.94206923
-1512.68975388
-1510.86328409
-1445.81051988
-1498.28394730
-1520.20793518
-1516.18939358
-1485.61662415
-1475.69630065
-1478.03066106
-1527.39074881
-1560.68989497
-1513.61238909
-1534.82876664
-1479.66754200
-1511.56819015
-1461.65395925
-1461.44265563
-1475.88135413
-1460.92188451
-1454.64470924
-1478.20095195
-1475.68901675
-1473.87711350
-1493.97069842
-1496.35184192
-1476.65397461
-1509.40513231
-1511.23722444
-1495.46620731
-1501.39032523
-1484.22444599
-1501.54351072
-1515.16360782
-1465.84658914
-1516.65621179
-1496.22354056
-1485.66051724
-1518.15892001
-1488.28159036
-1513.32021176
-1470.30345000
-1506.26064482
-1528.46904821
-1489.29046824
-1486.12495684
-1468.60102201
-1515.14328660
-1474.89736119
-1522.35856961
-1519.21027507
-1492.30762908
-1491.26886426
-1493.76488088
-1501.92916571
-1502.21310164
-1566.67564533
-1465.72854830
-1492.73109423
-1506.86659716
-1504.60360677
-1489.58921641
-1484.96671084
-1521.52956391
-1469.51331062
-1496.87787685
-1514.01742874
-1494.85935461
-1488.08069827
-1513.91002987
-1515.64440543
-1517.86779623
-1501.59649365
-1533.64677871
-1498.13805910
-1445.25802001
-1491.90662786
-1521.84776657
-1464.80379502
-1549.71063068
-1512.26442186
-1492.61946572
-1480.29068770
-1472.98813447
-1549.76680998
-1470.90467313
-1502.01985866
-1546.68072654
-1485.05493735
-1497.44396426
-1453.80983407
-1468.14376521
-1498.75268903
-1461.91924496
-1470.09720113
-1501.14595617
-1511.73897188
-1487.40670437
-1518.27030763
-1486.00779283
-1536.06133741
-1472.40201731
-1524.48890921
-1549.59876744
-1496.56371888
-1513.52414026
-1527.63025503
-1527.69750191
-1449.17849804
-1490.45985029
-1474.57411869
-1521.24179624
-1472.52275399
-1527.55975455
-1476.31972089
-1455.60425248
-1533.26750475
-1467.50726262
-1481.24803710
-1545.17384970
-1496.91601585
-1460.79186917
-1471.31566645
-1544.48435479
-1534.59197318
-1507.28161103
-1518.74711186
-1469.48590866
-1460.14640998
-1499.68669608
-1534.52115677
-1522.63488082
-1505.97401685
-1541.89767430
-1559.54562582
-1480.17161191
-1575.95124220
-1484.08990413
-1486.33831479
-1483.80129924
-1489.29082807
-1499.85470969
-1486.28475041
-1429.26195239
-1502.07951243
-1532.73038285
-1513.56676807
-1499.58093116
-1527.53357022
-1504.24548687
-1490.71688489
-1522.73151411
-1586.45613889
-1490.07133970
-1500.57837317
-1509.48147508
-1478.34690602
-1466.97283102
-1530.48880383
-1491.96614783
-1493.90926294
-1492.41984279
-1476.63373892
-1553.77950883
-1494.50873215
-1533.64418471
-1517.97513773
-1540.52741736
-1531.23557869
-1464.87044857
-1508.03182460
-1489.13269969
-1530.42734349
-1442.79105402
-1561.41133770
-1543.60326348
-1491.58909750
-1515.67856888
-1472.87941167
-1467.83123876
-1514.77283994
-1511.48223224
-1559.89475137
-1502.22372878
-1482.83709789
-1457.75705826
-1550.67675251
-1490.70064672
-1423.86667717
-1469.67901739
-1510.74735831
-1523.15681625
-1521.19224757
-1500.32213160
-1517.71709233
-1523.62300770
-1567.92174719
-1513.64735400
-1583.40318156
-1499.58809335
-1487.47942160
-1501.99777278
-1491.52678502
-1517.03689792
-1553.00929855
-1524.63386883
-1560.02057326
-1530.76934203
-1498.83258619
-1493.09351075
-1576.98578769
-1490.70300133
-1463.54824992
-1454.63001874
-1481.46087993
-1552.77579430
-1498.78224244
-1509.67516032
-1505.07158335
-1490.14396894
-1468.12912079
-1551.73348131
-1475.84790111
-1485.78987036
-1541.61857316
-1498.55702931
-1505.73521202
-1529.34704665
-1431.85055874
-1443.08337356
-1528.44224276
-1468.83401766
-1511.14836017
-1478.70142328
-1502.05005095
-1490.22143063
-1540.67277057
-1492.64315020
-1471.01447625
-1473.51121839
-1491.78054900
-1497.27120074
-1523.98719641
-1533.02173219
-1524.31243779
-1543.25274827
-1514.60618153
-1568.87629899
-1460.77715439
-1542.73808382
-1496.25857993
-1545.14641141
-1510.97813693
-1541.09356602
-1487.05640000
-1485.72287748
-1517.41027030
-1514.80949148
-1478.59595389
-1465.35883421
-1500.74994878
-1480.50791898
-1548.84312849
-1507.84859476
-1494.55935129
-1491.25179962
-1514.76642750
-1515.61010633
-1491.54741541
-1537.70207706
-1488.54041673
-1449.43179853
-1499.60299813
-1534.54413411
-1510.57104210
-1502.32733046
-1504.70616048
-1493.10653545
-1503.85861870
-1496.91932913
-1479.21349529
-1549.84430489
-1491.65126752
-1509.26323187
-1518.82148358
-1519.34829160
-1464.67997941
-1525.29915452
-1467.55657232
-1511.59710394
-1557.27206911
-1513.33179988
-1510.23395651
-1440.32113388
-1479.87737898
-1494.25706291
-1536.35550478
-1512.24616459
-1507.75323027
-1529.39556785
-1470.69951299
-1506.98864073
-1456.54290295
-1486.96302845
